47 236 7
7 0 1 2 3 4 5 6
7 0 1 2 3 4 5 6
7 0 1 2 3 4 5 6
7 0 1 2 3 4 5 6
7 0 1 2 3 4 5 6
7 0 1 2 3 4 5 6
7 0 1 2 3 4 5 6
7 0 1 2 3 4 5 6
7 0 1 2 3 4 5 6
7 0 1 2 3 4 5 6
7 0 1 2 3 4 5 6
7 0 1 2 3 4 5 6
7 0 1 2 3 4 5 6
7 0 1 2 3 4 5 6
7 0 1 2 3 4 5 6
7 0 1 2 3 4 5 6
7 0 1 2 3 4 5 6
7 0 1 2 3 4 5 6
7 0 1 2 3 4 5 6
7 0 1 2 3 4 5 6
7 0 1 2 3 4 5 6
7 0 1 2 3 4 5 6
7 0 1 2 3 4 5 6
7 0 1 2 3 4 5 6
7 0 1 2 3 4 5 6
7 0 1 2 3 4 5 6
7 0 1 2 3 4 5 6
7 0 1 2 3 4 5 6
7 0 1 2 3 4 5 6
7 0 1 2 3 4 5 6
7 0 1 2 3 4 5 6
7 0 1 2 3 4 5 6
7 0 1 2 3 4 5 6
7 0 1 2 3 4 5 6
7 0 1 2 3 4 5 6
7 0 1 2 3 4 5 6
7 0 1 2 3 4 5 6
7 0 1 2 3 4 5 6
7 0 1 2 3 4 5 6
7 0 1 2 3 4 5 6
7 0 1 2 3 4 5 6
7 0 1 2 3 4 5 6
7 0 1 2 3 4 5 6
7 0 1 2 3 4 5 6
7 0 1 2 3 4 5 6
7 0 1 2 3 4 5 6
7 0 1 2 3 4 5 6
2 24
4 7
2 27
2 20
9 37
10 28
9 33
19 27
2 29
10 20
4 8
5 10
5 12
7 33
5 14
2 4
2 6
2 9
9 36
21 31
0 3
0 1
0 6
6 21
0 8
12 28
6 25
39 46
17 33
8 44
4 41
4 42
21 30
15 22
15 25
25 46
15 26
22 44
2 35
10 18
22 41
2 32
22 43
12 45
9 25
9 26
9 21
10 16
2 38
14 45
19 23
19 22
6 33
16 33
6 36
19 33
6 34
1 25
22 34
22 35
1 23
22 37
22 38
22 39
15 30
15 31
20 25
1 28
16 22
20 26
27 46
17 45
18 27
30 46
18 24
0 17
21 45
0 14
0 12
5 37
5 35
5 33
0 19
35 46
34 46
3 4
10 29
16 24
16 26
41 46
18 45
10 32
20 33
7 44
11 45
14 32
22 36
31 46
2 15
10 31
2 17
2 12
6 11
6 10
6 13
21 32
0 26
14 27
0 24
33 46
5 21
14 28
0 29
5 24
5 26
14 22
20 22
14 23
29 46
28 46
9 44
1 41
18 22
37 46
13 29
24 46
6 23
7 35
44 46
7 38
8 15
8 11
8 10
21 22
3 9
38 46
0 35
0 37
21 29
0 31
3 5
21 28
13 22
13 27
18 33
13 24
1 2
3 43
1 7
1 5
23 46
32 46
20 45
22 42
16 45
7 21
1 18
7 24
8 23
1 16
8 21
1 11
1 13
3 34
11 26
11 22
0 40
0 42
11 29
40 46
43 46
5 44
42 46
13 32
4 19
4 18
3 38
3 39
4 13
3 32
4 14
9 14
9 10
9 13
7 15
7 12
10 19
7 10
11 31
7 27
12 30
45 46
11 24
22 40
4 26
4 25
6 44
17 22
13 45
15 45
3 28
3 27
3 23
3 20
12 25
1 39
10 39
8 33
12 22
12 23
10 17
1 30
1 36
10 30
1 34
8 27
36 46
19 45
4 31
4 30
10 43
4 37
4 36
26 46
8 34
17 25
17 23
2 43
2 40
10 40
10 41
10 42
3 11
3 16
8 38
3 15
