20 190 40
40 22 28 33 27 3 9 16 8 24 7 23 17 26 14 11 12 30 15 21 32 38 34 2 35 29 31 39 25 13 37 40 5 1 6 10 4 36 18 19 20
40 1 28 26 27 8 24 18 15 9 17 11 13 10 6 35 3 29 7 5 12 22 25 14 33 31 16 2 34 20 40 30 39 21 23 32 36 38 19 4 37
40 13 11 9 22 31 34 39 17 20 38 35 30 12 15 5 8 27 24 3 2 26 37 10 14 25 1 18 36 7 33 6 21 23 19 4 29 40 28 32 16
40 31 24 13 15 8 6 34 35 12 25 33 37 39 27 5 40 38 16 32 26 7 28 22 17 14 19 1 4 18 36 30 11 9 29 3 23 2 20 10 21
40 31 15 2 25 22 4 26 16 30 24 33 20 1 3 17 29 10 9 35 8 28 19 38 18 14 39 27 37 5 7 21 36 13 12 40 23 34 32 11 6
40 5 22 8 12 32 27 13 18 21 7 33 26 35 29 34 6 20 28 24 2 14 25 39 9 40 1 15 37 38 23 3 31 4 36 10 19 16 11 17 30
40 30 37 38 32 29 16 24 19 34 2 10 21 8 27 5 36 22 25 23 13 20 28 15 12 39 1 14 17 35 40 18 33 3 11 26 31 6 4 9 7
40 5 22 25 28 16 23 34 39 35 29 4 18 24 21 31 38 7 20 17 19 13 6 33 10 30 36 37 14 32 1 15 2 9 8 27 40 11 3 26 12
40 4 18 5 36 23 14 28 35 2 34 13 37 25 10 38 32 27 20 3 16 40 24 11 26 7 1 29 22 12 30 8 39 17 9 31 15 19 33 21 6
40 9 21 12 7 14 40 15 34 11 30 16 24 32 26 28 31 22 27 25 33 39 1 35 36 8 5 2 20 10 3 19 17 29 18 37 4 38 6 23 13
40 19 13 24 20 4 8 23 2 18 31 9 10 38 28 36 17 3 6 22 32 14 26 1 7 15 16 5 40 33 29 35 37 30 34 11 39 12 21 25 27
40 30 23 37 33 5 25 11 39 38 29 15 14 17 8 24 12 4 28 3 36 34 1 19 32 7 10 26 20 21 13 16 40 22 31 9 27 18 6 2 35
40 15 36 35 22 3 11 25 24 32 34 37 2 7 6 4 13 21 31 28 40 18 8 33 5 38 17 20 19 14 9 27 12 1 23 39 10 29 30 26 16
40 33 19 29 26 35 4 34 1 32 11 30 27 20 28 5 25 7 36 39 10 21 38 18 16 12 17 15 9 14 8 13 24 31 37 23 40 6 2 3 22
40 31 3 39 33 12 2 15 14 7 37 21 28 20 35 38 30 6 4 8 1 25 19 24 17 23 36 11 16 18 22 10 13 29 5 26 27 40 32 9 34
40 8 5 32 19 22 16 40 12 27 6 7 4 3 38 37 36 24 26 15 39 23 25 18 33 29 1 17 13 31 21 28 10 30 34 11 35 20 9 14 2
40 40 10 34 5 26 24 37 23 15 14 18 12 32 6 19 39 1 16 30 7 28 35 36 17 29 38 33 8 21 11 2 20 4 31 25 13 22 3 9 27
40 23 40 20 29 17 25 3 4 1 9 32 8 24 12 30 2 10 13 34 26 38 11 16 27 15 36 37 22 5 35 14 7 39 18 33 6 21 28 31 19
40 12 29 24 6 7 27 39 37 19 25 17 34 9 13 15 11 21 10 26 2 8 32 31 1 23 30 28 3 40 36 38 5 22 14 35 4 18 33 20 16
40 25 28 20 32 13 35 7 40 33 24 5 3 36 27 23 16 19 12 18 21 11 4 6 17 30 39 1 37 22 14 34 10 26 9 2 8 29 15 38 31
0 1
0 2
0 3
0 4
0 5
0 6
0 7
0 8
0 9
0 10
0 11
0 12
0 13
0 14
0 15
0 16
0 17
0 18
0 19
1 2
1 3
1 4
1 5
1 6
1 7
1 8
1 9
1 10
1 11
1 12
1 13
1 14
1 15
1 16
1 17
1 18
1 19
2 3
2 4
2 5
2 6
2 7
2 8
2 9
2 10
2 11
2 12
2 13
2 14
2 15
2 16
2 17
2 18
2 19
3 4
3 5
3 6
3 7
3 8
3 9
3 10
3 11
3 12
3 13
3 14
3 15
3 16
3 17
3 18
3 19
4 5
4 6
4 7
4 8
4 9
4 10
4 11
4 12
4 13
4 14
4 15
4 16
4 17
4 18
4 19
5 6
5 7
5 8
5 9
5 10
5 11
5 12
5 13
5 14
5 15
5 16
5 17
5 18
5 19
6 7
6 8
6 9
6 10
6 11
6 12
6 13
6 14
6 15
6 16
6 17
6 18
6 19
7 8
7 9
7 10
7 11
7 12
7 13
7 14
7 15
7 16
7 17
7 18
7 19
8 9
8 10
8 11
8 12
8 13
8 14
8 15
8 16
8 17
8 18
8 19
9 10
9 11
9 12
9 13
9 14
9 15
9 16
9 17
9 18
9 19
10 11
10 12
10 13
10 14
10 15
10 16
10 17
10 18
10 19
11 12
11 13
11 14
11 15
11 16
11 17
11 18
11 19
12 13
12 14
12 15
12 16
12 17
12 18
12 19
13 14
13 15
13 16
13 17
13 18
13 19
14 15
14 16
14 17
14 18
14 19
15 16
15 17
15 18
15 19
16 17
16 18
16 19
17 18
17 19
18 19
