20 190 20
24 9 23 21 35 16 27 26 32 20 4 5 2 33 18 31 3 25 13 12 10 14 22 11 17
28 7 26 28 19 2 9 37 3 35 10 5 17 6 22 31 13 15 24 23 14 32 36 20 39 30 25 21 40
25 2 37 21 17 22 23 25 31 29 11 34 14 28 20 26 13 19 6 35 36 10 40 4 9 18
39 26 37 1 22 18 17 3 38 35 5 14 12 23 34 40 33 15 29 28 31 21 7 4 24 9 27 25 11 6 16 10 8 39 20 30 2 32 13 36
40 28 18 35 15 36 26 14 29 4 9 40 17 19 34 25 1 38 32 5 37 3 16 22 12 23 20 7 8 10 27 6 11 30 2 13 21 39 33 31 24
37 5 36 2 12 34 7 19 29 39 33 26 1 25 38 3 31 27 22 10 24 9 40 30 14 15 16 23 11 20 37 4 35 8 17 13 21 28
23 25 4 6 17 3 23 31 20 32 28 21 8 39 1 2 27 7 40 5 12 13 24 14
34 36 21 28 20 15 12 27 11 23 39 2 9 18 10 16 38 17 40 1 30 32 3 8 14 33 4 35 25 5 22 13 24 34 37
25 34 18 3 4 39 2 38 37 40 21 17 1 24 36 11 27 20 30 13 15 35 7 28 33 32
38 7 19 36 38 23 39 21 29 34 26 11 30 35 3 25 10 16 8 4 17 22 18 27 12 37 13 28 14 20 5 32 15 31 24 40 9 6 1
39 15 31 5 37 36 9 12 29 25 18 21 28 8 16 6 22 24 1 19 13 30 7 14 35 33 38 20 10 3 4 26 11 39 2 32 23 17 40 34
26 8 3 18 38 30 21 11 27 20 22 35 31 29 36 6 19 33 32 5 10 2 9 24 40 34 14
28 12 24 39 4 13 33 40 10 31 26 5 22 32 35 9 28 23 11 38 15 37 27 2 14 6 21 19 3
38 16 11 9 25 7 35 18 2 29 20 31 36 21 38 30 22 23 15 24 27 8 4 37 40 3 12 33 14 6 1 28 17 5 39 32 10 34 26
34 2 19 22 38 29 33 7 1 17 30 5 16 31 32 40 4 27 20 12 21 9 36 23 8 13 6 37 34 39 15 11 28 10 18
40 17 9 10 28 22 23 12 33 1 5 36 3 19 25 21 30 14 38 24 34 18 39 4 37 8 16 29 6 15 20 11 40 2 35 31 32 27 13 26 7
22 38 15 36 4 18 21 5 24 26 2 20 17 16 14 12 32 6 29 22 33 19 31
35 9 18 29 30 31 12 19 34 11 21 22 28 15 37 10 25 4 38 32 36 1 27 7 17 23 16 20 40 35 39 26 5 14 8 3
40 35 14 25 37 19 32 27 39 6 8 36 17 34 29 5 20 40 11 18 3 7 16 13 15 28 22 9 2 26 33 38 24 31 21 12 23 30 1 4 10
36 23 35 8 18 29 38 7 21 12 25 40 27 11 28 16 1 22 33 15 19 17 31 13 3 5 36 39 9 32 24 6 37 10 26 30 2
0 1
0 2
0 3
0 4
0 5
0 6
0 7
0 8
0 9
0 10
0 11
0 12
0 13
0 14
0 15
0 16
0 17
0 18
0 19
1 2
1 3
1 4
1 5
1 6
1 7
1 8
1 9
1 10
1 11
1 12
1 13
1 14
1 15
1 16
1 17
1 18
1 19
2 3
2 4
2 5
2 6
2 7
2 8
2 9
2 10
2 11
2 12
2 13
2 14
2 15
2 16
2 17
2 18
2 19
3 4
3 5
3 6
3 7
3 8
3 9
3 10
3 11
3 12
3 13
3 14
3 15
3 16
3 17
3 18
3 19
4 5
4 6
4 7
4 8
4 9
4 10
4 11
4 12
4 13
4 14
4 15
4 16
4 17
4 18
4 19
5 6
5 7
5 8
5 9
5 10
5 11
5 12
5 13
5 14
5 15
5 16
5 17
5 18
5 19
6 7
6 8
6 9
6 10
6 11
6 12
6 13
6 14
6 15
6 16
6 17
6 18
6 19
7 8
7 9
7 10
7 11
7 12
7 13
7 14
7 15
7 16
7 17
7 18
7 19
8 9
8 10
8 11
8 12
8 13
8 14
8 15
8 16
8 17
8 18
8 19
9 10
9 11
9 12
9 13
9 14
9 15
9 16
9 17
9 18
9 19
10 11
10 12
10 13
10 14
10 15
10 16
10 17
10 18
10 19
11 12
11 13
11 14
11 15
11 16
11 17
11 18
11 19
12 13
12 14
12 15
12 16
12 17
12 18
12 19
13 14
13 15
13 16
13 17
13 18
13 19
14 15
14 16
14 17
14 18
14 19
15 16
15 17
15 18
15 19
16 17
16 18
16 19
17 18
17 19
18 19
