95 755 7
7 0 1 2 3 4 5 6
7 0 1 2 3 4 5 6
7 0 1 2 3 4 5 6
7 0 1 2 3 4 5 6
7 0 1 2 3 4 5 6
7 0 1 2 3 4 5 6
7 0 1 2 3 4 5 6
7 0 1 2 3 4 5 6
7 0 1 2 3 4 5 6
7 0 1 2 3 4 5 6
7 0 1 2 3 4 5 6
7 0 1 2 3 4 5 6
7 0 1 2 3 4 5 6
7 0 1 2 3 4 5 6
7 0 1 2 3 4 5 6
7 0 1 2 3 4 5 6
7 0 1 2 3 4 5 6
7 0 1 2 3 4 5 6
7 0 1 2 3 4 5 6
7 0 1 2 3 4 5 6
7 0 1 2 3 4 5 6
7 0 1 2 3 4 5 6
7 0 1 2 3 4 5 6
7 0 1 2 3 4 5 6
7 0 1 2 3 4 5 6
7 0 1 2 3 4 5 6
7 0 1 2 3 4 5 6
7 0 1 2 3 4 5 6
7 0 1 2 3 4 5 6
7 0 1 2 3 4 5 6
7 0 1 2 3 4 5 6
7 0 1 2 3 4 5 6
7 0 1 2 3 4 5 6
7 0 1 2 3 4 5 6
7 0 1 2 3 4 5 6
7 0 1 2 3 4 5 6
7 0 1 2 3 4 5 6
7 0 1 2 3 4 5 6
7 0 1 2 3 4 5 6
7 0 1 2 3 4 5 6
7 0 1 2 3 4 5 6
7 0 1 2 3 4 5 6
7 0 1 2 3 4 5 6
7 0 1 2 3 4 5 6
7 0 1 2 3 4 5 6
7 0 1 2 3 4 5 6
7 0 1 2 3 4 5 6
7 0 1 2 3 4 5 6
7 0 1 2 3 4 5 6
7 0 1 2 3 4 5 6
7 0 1 2 3 4 5 6
7 0 1 2 3 4 5 6
7 0 1 2 3 4 5 6
7 0 1 2 3 4 5 6
7 0 1 2 3 4 5 6
7 0 1 2 3 4 5 6
7 0 1 2 3 4 5 6
7 0 1 2 3 4 5 6
7 0 1 2 3 4 5 6
7 0 1 2 3 4 5 6
7 0 1 2 3 4 5 6
7 0 1 2 3 4 5 6
7 0 1 2 3 4 5 6
7 0 1 2 3 4 5 6
7 0 1 2 3 4 5 6
7 0 1 2 3 4 5 6
7 0 1 2 3 4 5 6
7 0 1 2 3 4 5 6
7 0 1 2 3 4 5 6
7 0 1 2 3 4 5 6
7 0 1 2 3 4 5 6
7 0 1 2 3 4 5 6
7 0 1 2 3 4 5 6
7 0 1 2 3 4 5 6
7 0 1 2 3 4 5 6
7 0 1 2 3 4 5 6
7 0 1 2 3 4 5 6
7 0 1 2 3 4 5 6
7 0 1 2 3 4 5 6
7 0 1 2 3 4 5 6
7 0 1 2 3 4 5 6
7 0 1 2 3 4 5 6
7 0 1 2 3 4 5 6
7 0 1 2 3 4 5 6
7 0 1 2 3 4 5 6
7 0 1 2 3 4 5 6
7 0 1 2 3 4 5 6
7 0 1 2 3 4 5 6
7 0 1 2 3 4 5 6
7 0 1 2 3 4 5 6
7 0 1 2 3 4 5 6
7 0 1 2 3 4 5 6
7 0 1 2 3 4 5 6
7 0 1 2 3 4 5 6
7 0 1 2 3 4 5 6
17 45
17 47
10 28
10 29
17 49
10 20
2 4
2 6
2 9
26 58
21 69
26 52
6 21
6 23
26 56
6 25
34 55
17 33
8 44
34 50
34 53
8 47
35 54
35 52
47 94
27 50
27 55
0 89
0 84
0 87
9 21
0 82
10 90
21 92
3 70
27 66
37 93
3 74
3 75
48 94
3 79
16 33
1 25
46 73
46 70
46 71
46 76
46 77
1 23
46 75
15 30
15 31
1 28
35 47
22 58
22 59
0 17
0 14
0 12
92 94
0 19
22 66
31 47
76 94
31 46
36 69
41 46
40 69
41 48
12 69
11 45
18 22
6 91
38 49
7 48
11 48
58 94
18 27
84 94
44 93
21 31
28 48
42 69
21 30
28 46
32 57
82 94
4 78
32 50
4 77
4 73
4 72
26 51
44 46
8 15
8 11
8 10
21 22
16 73
21 28
21 29
26 93
25 48
43 50
43 57
23 59
23 55
23 50
23 53
24 52
16 92
1 18
24 58
71 94
1 16
1 11
1 13
37 56
37 51
37 52
38 93
78 94
40 46
6 72
6 70
73 94
10 63
10 66
10 67
10 64
10 65
1 60
1 63
1 65
9 14
3 90
9 10
9 13
11 31
1 86
0 59
1 83
1 81
0 53
0 50
46 90
46 91
0 55
1 88
22 81
22 83
22 82
22 85
22 84
22 87
22 86
22 89
5 73
75 94
5 71
16 69
9 61
9 60
46 92
15 45
3 28
3 27
9 68
15 49
3 23
3 20
9 26
49 94
70 94
4 31
4 30
4 37
4 36
13 53
13 51
13 56
16 50
86 94
2 43
2 40
22 88
32 93
25 56
25 53
2 48
45 60
45 61
32 61
12 52
45 64
12 54
45 66
45 67
45 68
19 27
19 23
19 22
11 53
7 74
60 94
7 71
7 35
0 3
0 1
28 93
0 6
0 8
4 41
4 42
19 51
20 57
20 50
4 49
19 57
17 57
10 19
10 18
50 94
10 17
10 16
26 67
26 63
26 62
81 94
21 56
29 60
61 94
6 33
21 52
6 36
21 55
6 34
34 46
8 51
8 57
8 58
34 48
27 46
9 50
56 94
27 49
9 57
18 69
10 88
10 89
5 37
10 86
10 87
24 65
5 33
79 94
3 63
3 62
3 67
46 72
16 22
16 24
16 26
28 59
1 52
1 54
24 93
1 58
22 63
22 62
22 61
22 60
22 67
18 51
22 65
22 64
2 15
1 36
2 17
22 68
2 12
14 22
14 23
0 26
14 27
0 24
14 28
0 29
13 92
46 78
20 80
36 53
36 51
35 46
36 56
2 82
16 57
2 87
2 85
11 50
7 33
11 55
7 38
37 47
37 46
3 9
34 93
28 57
28 50
3 4
3 5
13 22
13 27
14 92
13 24
68 94
13 29
64 94
93 94
32 46
32 49
20 92
44 52
44 53
44 56
85 94
44 54
44 55
8 23
8 21
8 27
53 94
45 59
11 24
11 26
11 22
11 29
21 78
17 80
43 49
43 46
14 69
10 78
91 94
14 32
23 48
19 69
20 69
21 77
83 94
36 93
67 94
6 47
6 44
74 94
6 49
39 69
10 56
10 55
10 54
10 53
10 52
0 66
0 64
25 59
0 61
3 85
16 80
3 86
3 81
31 62
5 61
2 74
5 68
46 83
22 90
22 91
45 58
46 81
25 51
15 54
15 55
3 11
3 16
9 91
3 15
2 24
4 7
2 27
2 20
43 93
2 29
45 63
46 89
13 69
45 65
39 48
46 88
14 52
14 51
14 56
39 46
2 51
89 94
2 53
40 49
2 56
2 59
5 91
40 47
33 93
25 46
77 94
12 47
12 45
12 49
19 33
45 93
11 69
7 68
66 94
7 62
28 68
28 61
18 57
4 55
4 54
11 92
4 50
33 46
20 22
20 25
62 94
20 26
7 44
17 69
18 24
21 45
19 80
38 46
30 62
29 57
29 58
8 68
3 38
8 62
3 39
9 49
9 44
8 85
8 80
8 81
5 21
5 24
5 26
51 94
3 58
3 56
3 52
3 51
1 41
1 47
15 78
9 25
1 49
31 51
31 57
40 93
2 62
2 64
2 67
30 59
41 51
4 83
4 84
4 88
4 89
0 37
0 31
30 57
36 48
5 59
1 2
36 46
5 57
5 50
1 7
1 5
23 46
41 69
16 48
16 45
15 69
38 69
7 21
7 27
7 24
29 93
21 54
15 22
7 51
27 93
15 25
42 47
42 46
13 32
4 19
4 18
4 13
18 92
15 26
4 14
52 94
44 69
32 68
7 91
12 30
45 46
22 40
17 92
80 94
19 70
72 94
20 72
15 72
19 74
1 39
10 39
1 30
10 31
10 30
1 34
10 32
4 25
18 80
21 79
6 58
14 45
21 75
6 57
21 76
26 47
26 46
8 34
17 25
17 23
17 22
8 33
10 40
10 41
10 42
10 43
8 38
0 71
9 33
0 73
9 36
9 37
0 76
0 78
30 93
4 8
5 10
5 12
5 14
46 74
9 84
9 83
31 58
9 80
22 44
2 35
22 41
2 32
22 43
22 42
32 60
15 73
2 38
13 71
45 62
14 47
13 74
13 76
13 79
87 94
39 50
39 57
21 53
41 57
22 34
22 35
22 36
22 37
22 38
5 82
5 80
30 51
5 84
38 50
38 55
38 54
18 33
12 77
12 75
6 83
6 80
12 70
25 93
0 35
11 78
7 59
29 68
11 73
11 71
11 76
7 57
27 54
57 94
42 93
35 69
30 68
4 60
4 61
4 66
18 45
4 65
18 48
20 33
33 52
33 53
33 54
33 55
33 56
35 93
17 70
17 72
6 11
6 10
6 13
21 32
90 94
22 39
15 92
19 92
2 90
29 49
29 46
29 47
43 69
34 69
20 73
8 70
54 94
8 74
24 47
24 46
46 79
27 60
27 61
27 65
24 49
69 94
8 91
6 60
12 92
3 43
6 68
31 93
3 47
10 75
10 77
10 76
10 79
1 77
1 75
1 72
1 70
2 79
31 68
2 71
2 76
12 72
0 48
46 82
30 48
46 80
46 87
46 86
46 85
46 84
0 40
0 42
6 81
30 46
39 93
5 48
5 44
15 77
65 94
9 72
9 73
3 34
16 71
3 32
18 71
7 15
7 12
18 74
7 10
42 57
42 51
24 60
24 54
24 63
4 26
13 48
5 35
14 79
40 57
14 75
14 74
13 45
14 70
25 62
63 94
25 67
25 64
12 25
33 67
12 22
12 23
23 93
12 28
35 49
7 80
7 82
7 85
55 94
37 69
59 94
20 49
23 64
23 66
23 61
15 50
88 94
41 93
33 63
33 65
33 64
20 45
33 66
19 47
19 45
