23 71 5
5 0 1 2 3 4
5 0 1 2 3 4
5 0 1 2 3 4
5 0 1 2 3 4
5 0 1 2 3 4
5 0 1 2 3 4
5 0 1 2 3 4
5 0 1 2 3 4
5 0 1 2 3 4
5 0 1 2 3 4
5 0 1 2 3 4
5 0 1 2 3 4
5 0 1 2 3 4
5 0 1 2 3 4
5 0 1 2 3 4
5 0 1 2 3 4
5 0 1 2 3 4
5 0 1 2 3 4
5 0 1 2 3 4
5 0 1 2 3 4
5 0 1 2 3 4
5 0 1 2 3 4
5 0 1 2 3 4
4 7
9 14
2 20
9 13
8 15
7 15
7 12
10 19
7 10
4 8
0 17
3 9
5 12
0 14
5 14
0 12
2 6
2 9
9 10
3 4
3 5
0 19
0 3
13 22
0 1
0 6
18 22
10 16
1 2
6 21
10 20
0 8
1 7
19 22
1 5
21 22
15 22
2 17
3 20
7 21
10 18
1 18
12 22
3 15
2 15
10 17
1 16
8 21
9 21
1 11
2 12
6 11
6 10
6 13
4 14
8 11
11 22
5 21
1 13
5 10
20 22
8 10
4 19
4 18
17 22
4 13
14 22
3 11
3 16
16 22
2 4
