511 510 3
3 1 2 3
3 2 4 3
3 1 3 4
4 2 1 3 4
3 2 1 4
4 4 3 1 2
4 4 2 1 3
2 1 2
3 4 1 3
4 2 4 3 1
4 3 1 4 2
4 1 3 4 2
3 3 4 1
4 4 2 3 1
2 2 3
2 3 2
2 2 3
4 4 3 1 2
4 3 2 1 4
4 3 4 1 2
2 3 2
4 2 4 3 1
3 1 2 3
2 1 4
4 3 4 2 1
3 2 1 3
2 2 4
4 2 3 1 4
4 3 2 1 4
2 2 3
2 4 1
3 1 2 3
2 3 1
3 3 1 2
2 1 4
2 1 4
2 3 1
2 1 3
2 1 3
2 3 1
3 2 3 4
4 2 1 3 4
4 1 3 4 2
2 3 2
4 2 3 4 1
2 4 3
3 1 2 4
3 2 4 3
2 3 2
2 1 3
3 1 4 3
4 2 3 4 1
3 2 4 1
3 2 1 4
4 2 3 4 1
4 4 3 2 1
3 3 4 2
3 3 1 4
3 2 4 3
2 3 4
3 2 3 4
4 1 2 3 4
4 4 3 1 2
2 3 1
4 4 2 1 3
3 4 3 1
4 1 2 4 3
3 4 3 2
2 1 2
2 4 2
2 1 2
2 2 1
2 3 2
3 3 2 1
3 3 2 1
3 4 3 1
4 3 1 2 4
2 2 3
3 1 4 2
4 4 3 2 1
4 3 4 2 1
4 2 1 3 4
3 4 1 2
4 4 3 2 1
3 2 1 4
3 4 3 1
2 1 3
2 1 3
4 2 4 1 3
3 3 2 1
2 3 2
2 1 2
4 4 2 1 3
3 1 4 2
3 2 1 3
3 2 3 4
3 4 1 3
4 4 2 3 1
2 2 1
3 3 1 2
3 1 4 2
2 4 2
2 3 4
2 1 2
4 4 1 3 2
2 2 1
4 2 3 1 4
4 3 2 4 1
2 4 2
4 1 3 2 4
4 2 4 1 3
2 1 2
4 1 4 2 3
3 4 3 2
2 4 1
3 4 3 1
4 4 1 3 2
4 2 4 3 1
2 3 2
3 1 3 2
3 4 2 1
3 2 3 4
3 3 1 4
2 1 2
2 1 2
4 2 4 1 3
2 2 4
2 4 2
3 1 2 3
2 1 4
3 3 2 4
2 4 1
2 4 1
3 4 1 3
2 4 1
2 3 1
3 4 1 2
4 2 3 4 1
4 2 1 3 4
3 1 2 3
4 4 1 2 3
4 2 3 1 4
3 3 2 1
4 1 2 3 4
2 1 2
4 1 4 3 2
4 2 1 4 3
3 2 3 1
2 3 2
2 1 4
3 3 1 4
3 4 1 3
3 4 3 1
3 1 2 4
4 2 1 3 4
2 4 1
3 2 4 3
2 3 1
3 2 1 4
4 2 3 1 4
3 1 2 4
4 3 1 4 2
2 4 2
3 2 1 4
3 2 4 1
2 3 1
3 1 4 2
3 4 1 3
4 3 1 2 4
4 4 2 1 3
3 2 4 1
2 3 1
2 3 1
2 1 3
4 2 1 4 3
3 2 3 1
2 3 1
3 3 4 1
2 1 4
2 1 2
3 1 2 4
3 1 2 4
3 3 1 2
3 4 3 2
2 3 4
3 4 3 1
3 2 4 3
4 3 4 1 2
3 2 1 4
2 2 4
3 4 1 2
3 4 3 1
3 2 3 4
4 2 3 1 4
2 4 1
2 2 1
4 1 4 2 3
3 4 3 2
2 3 2
4 4 1 3 2
3 3 1 4
3 1 4 3
3 3 2 1
2 1 4
2 4 2
2 2 4
4 4 2 3 1
4 2 4 3 1
3 1 4 2
2 2 4
4 2 1 4 3
4 4 2 1 3
4 1 3 4 2
4 2 4 1 3
2 2 3
2 2 4
3 2 4 3
4 2 4 1 3
3 2 1 4
3 4 3 1
4 2 4 3 1
3 4 3 2
2 3 1
2 3 4
3 4 1 3
3 2 1 4
2 3 4
2 3 2
4 3 4 1 2
2 2 3
4 4 1 3 2
4 2 1 4 3
2 2 4
4 4 3 1 2
4 2 1 4 3
4 1 4 3 2
4 1 2 4 3
2 1 2
3 4 2 3
4 1 3 4 2
3 1 3 4
3 2 3 4
3 1 3 2
4 4 3 2 1
2 3 2
3 2 4 3
2 1 2
2 3 2
4 3 2 4 1
2 1 3
4 1 4 2 3
4 4 2 3 1
2 2 3
4 4 2 1 3
2 1 4
2 4 1
4 3 2 4 1
3 2 3 4
2 1 2
3 2 3 1
2 1 3
2 1 4
2 3 2
3 2 4 3
4 3 2 4 1
2 2 3
3 1 2 3
2 2 1
2 1 2
2 1 4
4 4 1 2 3
3 2 3 4
2 4 3
3 3 4 2
4 3 1 4 2
2 3 2
4 2 4 1 3
4 2 4 1 3
2 4 3
2 3 2
2 4 1
2 1 2
2 1 4
4 1 2 3 4
4 3 4 1 2
2 1 3
2 3 1
3 3 4 1
3 2 3 4
3 2 1 4
2 4 3
3 4 2 1
4 4 1 3 2
2 1 3
3 4 3 1
3 1 4 2
3 1 4 3
3 2 3 4
4 2 4 3 1
2 2 3
2 1 3
4 3 1 4 2
2 3 4
2 2 1
3 1 3 4
4 4 3 1 2
4 3 2 1 4
4 1 2 3 4
2 2 1
3 1 2 4
3 3 4 1
4 4 1 2 3
3 4 2 3
2 1 3
3 1 3 2
3 1 3 2
3 3 2 4
3 1 4 3
4 4 1 3 2
3 1 2 3
3 3 4 1
2 1 2
3 4 3 1
3 3 2 4
4 3 4 2 1
2 4 1
4 4 1 3 2
4 2 4 3 1
4 1 3 4 2
2 1 4
2 3 1
3 1 3 2
2 3 4
2 1 3
2 3 1
4 4 1 3 2
4 1 3 2 4
2 4 3
4 1 3 2 4
4 3 4 1 2
4 3 1 2 4
3 2 4 3
2 2 4
3 3 1 4
2 1 3
2 1 2
4 3 1 2 4
2 2 1
4 3 1 2 4
4 2 1 4 3
2 1 2
2 2 4
2 3 4
2 4 1
3 2 1 3
3 4 2 1
4 1 3 2 4
3 4 1 2
4 2 1 3 4
3 3 4 2
3 2 4 3
4 2 4 1 3
3 4 3 2
2 1 3
4 2 3 4 1
2 1 2
4 1 3 2 4
3 2 4 1
3 1 2 3
3 1 3 4
3 3 2 4
3 1 4 3
3 4 1 3
3 1 2 3
2 4 1
2 2 1
3 3 2 1
2 4 1
2 2 1
4 2 4 1 3
3 1 2 3
4 4 3 2 1
4 4 1 2 3
4 3 2 4 1
2 4 2
2 3 4
2 1 3
4 3 2 4 1
4 4 1 3 2
3 2 1 3
4 4 2 3 1
4 4 2 3 1
3 4 2 3
3 2 4 1
3 4 1 3
2 2 1
4 4 3 1 2
2 1 2
2 2 4
4 3 1 4 2
4 4 1 3 2
4 4 2 1 3
2 4 1
4 3 4 1 2
4 1 4 3 2
4 3 4 2 1
2 4 2
4 2 4 3 1
2 3 1
4 4 2 1 3
2 4 1
2 2 1
2 1 3
3 4 1 2
3 1 3 2
2 2 4
3 4 1 3
4 2 1 4 3
2 3 1
3 4 1 2
4 3 2 1 4
3 2 1 3
3 3 2 4
4 2 3 4 1
3 1 2 4
4 4 3 1 2
3 4 2 3
4 3 2 4 1
4 4 2 1 3
3 1 3 4
2 1 3
4 3 2 1 4
3 2 4 1
4 2 3 4 1
2 4 2
2 1 4
4 3 2 4 1
3 3 1 4
4 4 2 1 3
2 1 3
4 4 3 2 1
2 3 4
2 1 2
2 3 1
2 2 4
3 3 4 1
2 2 3
2 1 4
4 4 3 1 2
2 1 4
3 3 1 2
4 2 4 3 1
4 4 2 3 1
3 1 3 2
4 4 1 2 3
3 3 2 1
3 1 3 2
4 3 4 1 2
4 1 2 4 3
4 4 2 1 3
2 3 2
2 4 2
3 1 3 2
3 3 1 2
2 2 1
4 3 4 1 2
2 3 1
2 2 3
4 3 1 4 2
3 4 2 1
4 3 2 1 4
3 4 2 3
3 3 4 2
2 3 2
4 2 3 1 4
4 3 2 4 1
2 1 3
2 2 4
2 3 1
2 3 4
2 1 4
4 3 4 2 1
3 4 1 3
3 4 2 1
3 1 3 2
2 4 1
2 2 4
3 1 4 3
4 4 1 2 3
4 1 4 2 3
2 2 1
4 1 4 3 2
3 1 3 4
2 1 4
4 2 1 4 3
2 3 2
4 2 4 3 1
4 1 4 3 2
2 1 2
3 1 4 3
2 1 2
3 4 2 1
2 4 1
4 2 4 1 3
4 4 3 1 2
4 4 2 3 1
3 3 1 4
2 1 3
4 2 4 3 1
2 3 2
2 2 1
0 1
1 2
2 3
3 4
4 5
5 6
6 7
7 8
7 9
6 10
10 11
10 12
5 13
13 14
14 15
14 16
13 17
17 18
17 19
4 20
20 21
21 22
22 23
22 24
21 25
25 26
25 27
20 28
28 29
29 30
29 31
28 32
32 33
32 34
3 35
35 36
36 37
37 38
38 39
38 40
37 41
41 42
41 43
36 44
44 45
45 46
45 47
44 48
48 49
48 50
35 51
51 52
52 53
53 54
53 55
52 56
56 57
56 58
51 59
59 60
60 61
60 62
59 63
63 64
63 65
2 66
66 67
67 68
68 69
69 70
70 71
70 72
69 73
73 74
73 75
68 76
76 77
77 78
77 79
76 80
80 81
80 82
67 83
83 84
84 85
85 86
85 87
84 88
88 89
88 90
83 91
91 92
92 93
92 94
91 95
95 96
95 97
66 98
98 99
99 100
100 101
101 102
101 103
100 104
104 105
104 106
99 107
107 108
108 109
108 110
107 111
111 112
111 113
98 114
114 115
115 116
116 117
116 118
115 119
119 120
119 121
114 122
122 123
123 124
123 125
122 126
126 127
126 128
1 129
129 130
130 131
131 132
132 133
133 134
134 135
134 136
133 137
137 138
137 139
132 140
140 141
141 142
141 143
140 144
144 145
144 146
131 147
147 148
148 149
149 150
149 151
148 152
152 153
152 154
147 155
155 156
156 157
156 158
155 159
159 160
159 161
130 162
162 163
163 164
164 165
165 166
165 167
164 168
168 169
168 170
163 171
171 172
172 173
172 174
171 175
175 176
175 177
162 178
178 179
179 180
180 181
180 182
179 183
183 184
183 185
178 186
186 187
187 188
187 189
186 190
190 191
190 192
129 193
193 194
194 195
195 196
196 197
197 198
197 199
196 200
200 201
200 202
195 203
203 204
204 205
204 206
203 207
207 208
207 209
194 210
210 211
211 212
212 213
212 214
211 215
215 216
215 217
210 218
218 219
219 220
219 221
218 222
222 223
222 224
193 225
225 226
226 227
227 228
228 229
228 230
227 231
231 232
231 233
226 234
234 235
235 236
235 237
234 238
238 239
238 240
225 241
241 242
242 243
243 244
243 245
242 246
246 247
246 248
241 249
249 250
250 251
250 252
249 253
253 254
253 255
0 256
256 257
257 258
258 259
259 260
260 261
261 262
262 263
262 264
261 265
265 266
265 267
260 268
268 269
269 270
269 271
268 272
272 273
272 274
259 275
275 276
276 277
277 278
277 279
276 280
280 281
280 282
275 283
283 284
284 285
284 286
283 287
287 288
287 289
258 290
290 291
291 292
292 293
293 294
293 295
292 296
296 297
296 298
291 299
299 300
300 301
300 302
299 303
303 304
303 305
290 306
306 307
307 308
308 309
308 310
307 311
311 312
311 313
306 314
314 315
315 316
315 317
314 318
318 319
318 320
257 321
321 322
322 323
323 324
324 325
325 326
325 327
324 328
328 329
328 330
323 331
331 332
332 333
332 334
331 335
335 336
335 337
322 338
338 339
339 340
340 341
340 342
339 343
343 344
343 345
338 346
346 347
347 348
347 349
346 350
350 351
350 352
321 353
353 354
354 355
355 356
356 357
356 358
355 359
359 360
359 361
354 362
362 363
363 364
363 365
362 366
366 367
366 368
353 369
369 370
370 371
371 372
371 373
370 374
374 375
374 376
369 377
377 378
378 379
378 380
377 381
381 382
381 383
256 384
384 385
385 386
386 387
387 388
388 389
389 390
389 391
388 392
392 393
392 394
387 395
395 396
396 397
396 398
395 399
399 400
399 401
386 402
402 403
403 404
404 405
404 406
403 407
407 408
407 409
402 410
410 411
411 412
411 413
410 414
414 415
414 416
385 417
417 418
418 419
419 420
420 421
420 422
419 423
423 424
423 425
418 426
426 427
427 428
427 429
426 430
430 431
430 432
417 433
433 434
434 435
435 436
435 437
434 438
438 439
438 440
433 441
441 442
442 443
442 444
441 445
445 446
445 447
384 448
448 449
449 450
450 451
451 452
452 453
452 454
451 455
455 456
455 457
450 458
458 459
459 460
459 461
458 462
462 463
462 464
449 465
465 466
466 467
467 468
467 469
466 470
470 471
470 472
465 473
473 474
474 475
474 476
473 477
477 478
477 479
448 480
480 481
481 482
482 483
483 484
483 485
482 486
486 487
486 488
481 489
489 490
490 491
490 492
489 493
493 494
493 495
480 496
496 497
497 498
498 499
498 500
497 501
501 502
501 503
496 504
504 505
505 506
505 507
504 508
508 509
508 510
