100 4950 2
124 87 159 113 196 152 57 126 137 173 27 95 10 119 195 123 26 136 181 100 186 28 184 24 63 187 154 160 145 130 30 9 170 40 121 35 94 44 25 88 2 68 178 81 98 62 148 13 132 164 105 22 71 64 43 106 60 17 128 77 54 55 4 20 96 99 185 166 14 47 73 131 6 144 124 34 168 91 49 11 80 182 176 151 147 107 84 111 46 117 38 75 53 157 180 177 171 162 52 86 21 56 33 39 58 103 169 174 150 67 29 90 5 41 72 134 78 69 48 138 76 3 139 193 31
177 51 134 1 145 79 198 139 64 193 194 60 35 120 111 16 177 88 66 41 103 174 67 74 36 86 42 63 197 157 140 26 136 97 154 196 11 188 99 160 21 192 190 57 25 180 173 54 182 83 34 113 179 153 187 152 168 155 50 166 144 110 33 138 159 123 19 101 32 44 124 68 22 12 146 167 185 18 127 176 175 115 47 30 129 178 119 133 91 143 181 147 72 164 80 149 93 7 156 162 104 114 189 126 171 15 142 8 10 141 132 98 61 116 69 96 6 56 28 77 102 195 78 125 9 62 48 3 161 73 84 29 59 170 43 4 71 183 108 191 38 23 199 137 5 20 172 135 184 109 165 94 31 128 14 45 76 70 151 200 24 90 131 65 117 148 17 52 49 39 2 186 53 58 81 89 37 163
111 183 124 190 74 161 198 110 185 18 162 24 177 99 115 49 86 130 111 12 43 71 171 150 32 14 26 167 52 116 13 129 153 79 102 146 165 93 54 72 108 2 44 160 151 199 27 34 101 96 15 64 47 141 179 176 48 35 81 134 172 76 80 56 197 145 140 75 11 59 166 29 133 30 69 23 45 77 182 159 41 168 109 114 175 33 98 186 192 113 170 191 147 19 132 82 106 63 122 187 154 200 5 88 127 92 9 142 91 136 6 84
132 37 137 75 172 92 142 117 16 39 54 173 119 43 48 49 195 5 133 116 109 11 118 46 132 7 190 159 124 103 74 93 160 84 114 77 122 165 82 73 106 25 197 34 187 12 98 146 193 162 163 189 188 40 52 185 27 199 166 50 61 6 183 8 113 72 184 29 86 180 60 26 22 95 138 130 68 51 178 182 150 144 161 104 71 65 120 81 143 55 56 18 53 191 155 169 9 186 35 83 128 66 141 123 181 147 176 62 131 107 97 158 112 33 101 19 177 21 164 32 175 38 63 64 45 4 13 57 47 192 126 15 14
174 151 111 44 180 65 28 50 54 147 88 139 135 92 187 68 10 81 74 38 162 18 114 121 29 154 137 170 14 73 106 133 13 195 22 39 47 125 174 179 190 153 79 136 163 75 177 51 11 90 94 64 122 131 40 159 126 53 192 176 87 144 12 169 117 8 99 46 58 155 166 158 9 157 96 97 2 102 104 198 160 150 93 17 95 129 61 4 110 107 77 156 21 113 63 132 191 25 33 145 115 5 27 72 20 142 78 42 118 85 91 116 124 37 36 52 49 101 194 83 188 45 184 182 89 103 57 130 197 193 138 60 120 178 185 189 173 181 172 119 16 82 15 199 32 19 98 183 71 31 24 164 171 84 161 76 7 165 62 26 6 23 148 43 200 70 1 59 112 123 34 167 128 41 143
154 198 95 32 196 63 88 128 23 195 77 21 36 74 126 31 118 165 24 39 192 110 60 180 99 22 112 111 52 94 48 56 19 96 167 81 161 193 33 91 50 79 117 2 150 140 189 46 7 114 11 134 174 25 75 119 152 162 62 143 136 158 73 182 159 28 78 146 53 121 5 17 89 55 141 98 93 139 44 148 57 181 83 92 4 200 16 116 125 38 149 45 172 170 9 69 20 107 97 65 105 43 64 190 175 27 177 54 160 10 80 6 47 49 82 197 185 151 156 58 130 120 40 153 70 67 137 184 51 86 147 76 199 168 138 178 157 124 183 15 163 123 90 187 186 12 71 26 135 61 144 108 13 14 18
127 18 60 149 147 22 173 87 24 160 3 75 83 190 150 78 159 188 8 68 171 4 123 143 63 119 14 99 95 163 61 69 112 198 185 31 174 82 38 118 154 79 197 139 35 140 170 141 89 124 153 191 114 195 156 94 48 137 26 166 16 148 144 37 164 62 192 13 111 167 33 155 142 146 32 40 184 77 132 44 43 113 158 11 128 71 47 162 109 91 6 67 199 52 46 145 81 53 96 200 130 23 106 115 127 74 194 92 131 36 176 180 19 10 189 126 39 103 151 41 84 161 120 134 72 122 165 9
166 186 32 179 69 16 107 50 157 37 2 31 156 33 154 113 160 59 47 193 146 183 162 61 170 163 199 149 90 128 56 114 143 191 11 109 3 71 102 152 196 15 177 129 182 97 111 100 140 181 76 116 93 174 119 94 96 88 14 22 70 38 117 51 9 167 83 101 28 30 151 132 150 105 99 127 123 13 173 137 40 79 21 24 58 103 138 118 124 46 108 131 26 112 19 110 169 133 192 115 161 78 164 63 126 64 10 62 121 195 92 175 34 136 67 171 66 52 122 48 77 130 189 5 135 29 27 65 43 194 188 55 7 139 190 25 81 166 53 44 168 165 89 80 147 68 134 86 155 141 73 54 18 104 42 158 197 200 74 39 72 153 49 87 145 159 1
102 93 72 61 47 24 38 195 159 71 80 37 170 164 19 114 197 11 166 27 148 103 179 18 158 15 133 144 106 185 12 14 90 4 173 70 139 131 97 53 26 138 82 75 121 81 199 128 115 86 132 109 154 113 87 99 187 182 146 126 39 130 65 28 147 110 98 136 181 169 161 62 155 54 149 77 59 107 172 178 50 73 117 134 51 157 78 43 5 156 188 171 10 151 123 152 85 96 63 120 21 1 56
138 29 60 64 18 41 166 59 176 46 72 37 156 49 181 151 161 52 164 61 158 15 90 19 45 86 191 172 190 33 21 23 10 82 193 105 127 84 77 71 131 57 147 113 98 152 36 195 142 150 155 14 121 168 111 101 11 196 91 148 149 108 56 134 145 99 199 189 159 81 100 160 67 114 75 186 39 183 154 1 65 92 31 40 130 79 78 133 9 103 88 137 171 26 30 136 165 174 170 185 32 62 96 17 182 16 24 95 184 198 177 138 63 112 48 197 25 107 194 117 180 175 43 140 120 97 27 55 143 102 70 187 125 50 69 3 6 104 4
167 96 128 163 159 178 142 51 198 170 149 5 80 74 69 28 89 90 7 167 161 194 141 103 50 63 106 172 189 95 160 23 187 45 150 110 35 39 99 100 13 165 81 61 137 73 192 41 153 199 151 154 152 101 148 118 27 30 130 181 48 83 47 135 54 125 185 43 173 71 193 196 70 4 72 133 200 8 126 123 49 108 162 26 175 29 24 76 22 98 171 56 179 77 21 140 55 107 157 121 166 117 184 25 88 188 37 102 104 34 36 1 115 58 42 116 129 38 139 182 12 122 132 65 191 75 146 14 19 32 68 127 6 79 87 52 168 93 9 97 143 91 17 53 176 105 155 197 180 190 111 40 169 84 177 138 86 18 134 11 82 64 33 62 136 109 85 120
120 143 138 112 136 32 84 140 77 144 147 155 3 192 17 97 86 145 18 9 13 189 122 132 78 133 4 80 73 36 126 34 83 195 121 150 57 82 197 127 51 188 137 87 117 134 65 124 119 8 154 1 70 45 102 90 53 21 135 160 43 62 52 168 198 157 85 139 59 25 200 130 152 61 30 199 49 66 128 26 91 28 56 79 172 115 74 174 125 161 41 38 24 105 177 166 123 190 23 149 47 92 68 10 170 58 111 76 103 151 29 40 37 88 116 148 191 75 93 196 165
151 124 198 13 146 151 22 28 80 173 50 134 180 42 6 31 164 7 113 85 150 114 122 112 100 71 81 189 110 37 51 162 138 123 156 64 43 10 185 129 163 14 87 86 105 16 23 46 117 39 139 56 66 59 27 61 116 107 178 79 102 35 118 126 194 38 184 174 77 8 15 171 30 75 167 196 157 140 92 187 70 176 106 109 147 99 93 120 32 177 200 191 183 136 47 90 152 175 17 12 57 36 4 168 58 159 49 62 131 3 95 91 133 121 111 148 69 160 44 199 29 128 192 53 89 73 153 63 142 98 197 40 55 186 119 179 104 172 103 25 54 169 65 170 88 193 45 74 82 149 24 26
129 12 192 137 75 34 104 127 173 46 63 114 3 78 62 128 169 148 181 112 23 70 2 101 131 13 19 65 142 95 149 153 39 129 187 157 196 188 198 15 159 106 124 122 160 99 126 108 6 100 125 136 66 1 146 176 76 59 135 174 86 145 191 179 113 93 67 143 27 171 94 28 120 55 172 82 111 140 64 110 17 162 47 184 144 182 141 14 165 190 168 74 151 193 41 158 54 58 166 9 87 37 71 91 31 36 51 79 147 33 20 61 133 103 117 89 84 97 130 194 77 16 109 42 195 83 107 21 167 170
135 185 105 111 159 128 40 92 190 24 80 98 156 34 137 55 14 133 49 23 180 174 2 35 43 76 179 81 37 187 50 173 93 164 145 126 122 69 18 139 53 97 7 191 78 131 182 77 124 103 132 47 8 83 39 70 196 46 42 1 110 116 168 91 87 5 100 9 32 109 150 129 102 13 25 61 177 79 176 115 10 120 121 73 101 106 117 95 141 68 163 16 146 172 189 151 66 175 31 148 183 166 153 158 162 194 134 3 140 152 112 108 6 96 171 15 51 125 26 84 199 155 65 195 113 58 192 67 62 142 20 82 107 45 154 178
159 191 152 169 50 34 22 104 144 175 36 130 23 86 35 195 93 10 90 121 51 158 153 68 170 83 112 82 6 185 149 5 19 128 26 190 176 189 84 193 102 124 126 18 115 76 48 40 44 61 80 2 140 45 188 187 89 157 197 160 131 199 173 46 41 30 12 117 138 120 136 101 31 178 154 97 63 98 159 29 142 81 62 27 148 111 132 196 11 137 94 1 95 150 58 108 113 54 69 129 105 107 194 25 28 183 20 103 174 7 71 47 92 172 167 52 141 163 17 165 118 156 122 143 67 56 134 8 161 184 106 116 109 42 123 13 135 198 78 147 186 164 66 125 88 9 179 168 39 85 21 177 43 99 145 24 171 38 151 139
145 77 163 194 166 51 28 84 65 1 112 93 97 73 56 116 35 135 12 91 102 26 42 172 150 182 96 186 6 11 36 15 85 169 139 55 83 196 41 9 39 130 189 33 120 32 64 45 184 30 22 153 176 165 158 141 66 37 136 200 118 90 99 44 57 127 192 126 71 54 128 142 40 114 125 80 103 17 60 87 21 2 3 109 50 190 74 170 175 188 140 31 69 13 95 117 113 162 174 115 10 59 152 144 70 171 106 107 19 124 154 159 16 199 24 43 34 187 98 29 110 156 86 20 76 92 67 8 101 198 173 121 27 25 147 134 81 108 151 78 155 185 146 164 62 53
185 112 130 83 47 80 88 159 152 18 165 120 156 16 69 177 154 200 197 105 139 172 33 158 132 8 116 51 135 188 143 46 14 166 106 182 19 7 17 4 70 151 67 147 32 113 124 101 40 185 94 194 66 141 131 34 59 75 183 2 27 42 179 155 102 62 149 140 81 96 28 192 1 15 86 121 56 191 122 160 133 198 173 181 187 109 129 20 12 148 199 25 29 195 114 117 55 41 119 161 142 9 44 71 125 171 163 31 45 36 145 53 138 43 104 150 24 190 21 95 60 37 97 13 196 178 167 82 54 57 184 91 35 26 189 118 38 134 64 115 176 100 30 5 164 10 162 48 98 137 174 49 153 52 61 108 11 89 128 79 39 170 58 110 50 65 92 168 193 169 22 77 63 84 103 136 107 123 144 99 127 74 3 85 111 73
186 181 54 92 151 84 6 20 184 131 22 125 143 180 168 111 10 46 189 159 83 139 200 95 133 32 97 148 29 160 102 123 62 8 76 7 145 50 174 130 118 100 68 98 173 60 91 44 47 21 38 172 19 30 179 113 35 171 51 48 176 129 87 126 106 141 103 59 65 58 25 132 170 3 128 78 4 155 137 124 16 12 67 99 154 79 41 9 196 114 75 191 73 26 190 11 152 153 116 120 147 55 13 146 178 157 43 80 101 71 142 115 93 104 86 36 167 40 70 5 134 24 182 188 150 193 194 72 138 187 199 31 156 183 69 53 33 165 144 121 175 186 127 74 17 109 27 177 185 42 90 14 164 63 122 39 96 34 28 192 198 136 161 52 162 197 110 64 163 2 140 88 61 105 56 149 158 89 119 77 94 195 23 49 15 108 112
128 23 49 40 30 191 34 180 167 3 125 134 200 80 112 166 84 27 8 100 69 169 120 170 105 133 55 85 18 137 13 71 44 53 117 160 87 93 24 97 144 198 159 86 147 60 181 15 110 33 177 63 118 11 116 123 129 178 162 157 161 76 31 150 1 91 149 35 94 108 57 2 111 183 121 194 78 68 114 66 75 74 20 138 101 197 22 41 175 139 37 65 199 172 195 188 135 106 73 174 51 98 193 29 50 9 42 130 186 119 61 79 158 190 131 6 92 32 19 26 115 67 154 25 127 164 81 113 107
165 185 146 54 84 127 56 45 175 135 42 3 129 29 107 121 22 177 77 158 139 72 115 126 24 9 39 38 63 196 100 186 148 62 25 144 64 35 82 169 14 7 31 75 198 122 171 41 134 33 159 143 61 89 117 47 164 118 83 101 119 65 138 114 15 48 178 140 88 145 57 95 106 131 4 105 50 20 70 150 193 26 192 99 162 60 155 43 81 195 5 123 30 32 55 1 161 74 16 194 46 149 142 166 37 173 153 165 183 51 71 176 167 116 36 73 66 133 170 2 53 128 17 52 8 156 182 181 125 151 191 18 86 93 76 168 180 91 40 6 13 94 179 111 79 44 96 68 10 154 137 103 130 104 69 132 199 87 49 110 147 67 12 97 59 120
177 118 7 28 3 85 181 107 43 50 166 13 102 176 193 180 31 59 140 171 154 37 185 92 35 68 178 130 117 122 164 157 9 146 40 152 38 105 144 24 41 138 67 63 19 168 173 155 21 103 112 32 15 71 141 46 6 143 121 44 114 33 94 55 87 142 22 26 147 20 75 198 65 158 116 23 51 25 39 70 128 123 189 97 120 194 80 66 150 86 199 124 160 47 82 14 96 77 49 182 197 53 190 169 159 57 52 27 11 106 127 192 98 29 200 115 61 170 177 36 111 136 179 69 42 184 191 195 109 64 78 56 131 134 113 89 149 10 129 183 83 17 1 145 110 93 104 125 60 62 162 4 196 58 175 188 156 72 161 48 81 153 126 101 76 2 151 45 167 16 186 30 5 18 73 88 34 139
144 77 141 146 59 156 101 6 189 157 85 145 100 113 126 60 170 132 90 178 188 149 176 143 7 67 131 70 42 103 96 185 8 117 16 72 87 144 198 86 39 196 44 91 83 111 173 23 63 76 22 123 118 25 33 51 163 65 3 186 98 150 13 174 102 75 10 119 125 56 162 88 134 194 55 47 192 89 158 116 40 64 147 137 78 109 71 82 29 58 69 35 15 142 53 95 18 153 73 121 124 177 122 190 45 105 159 32 184 52 195 199 120 135 114 193 12 110 26 172 38 48 182 165 169 24 166 66 14 160 175 19 139 49 31 27 80 104 84 133 107 154 97 46 37
184 196 172 135 66 39 57 170 74 180 154 127 5 73 77 31 68 27 12 43 179 136 14 156 4 59 87 187 195 148 92 176 19 82 98 108 76 21 15 2 107 37 38 49 162 144 130 132 126 70 151 189 121 67 26 165 90 63 177 115 125 146 91 166 161 160 142 109 111 35 103 71 175 48 44 129 58 62 122 33 190 183 164 149 30 61 113 186 89 116 93 55 36 1 152 182 52 145 28 34 155 54 9 184 147 124 138 78 3 8 83 97 94 47 45 101 42 11 40 178 167 168 65 185 173 95 139 69 104 123 7 81 32 131 60 72 13 80 22 96 119 17 197 141 118 114 53 128 16 188 198 25 46 29 120 171 174 79 134 6 143 102 88 84 153 169 106 110 23 18 105 112 137 41 199 20 140 191 64 85 50 51 181 192 75
117 34 68 163 45 73 199 54 26 99 167 36 185 153 123 106 152 132 181 61 108 30 195 127 139 19 120 177 107 104 101 77 13 2 141 196 176 4 20 116 58 91 88 35 197 198 67 55 172 71 169 194 6 135 63 109 121 78 95 151 150 143 168 11 32 190 105 124 157 193 160 59 66 21 28 170 112 188 93 111 145 174 146 44 24 137 72 183 33 118 8 15 51 100 192 40 46 200 57 27 56 38 180 60 142 158 98 144 149 171 115 89 62 70 79 119 83 18
164 16 142 193 108 87 185 21 35 113 63 10 53 77 112 182 135 92 22 56 95 27 188 168 105 13 158 25 122 143 130 6 144 132 64 128 169 127 124 110 73 99 196 195 38 93 28 177 18 198 156 84 136 58 123 34 33 111 7 97 101 80 165 146 115 116 180 24 147 29 166 139 8 175 145 191 171 138 3 20 157 194 50 181 190 162 176 1 184 44 15 161 89 30 67 36 104 172 109 148 45 39 118 199 14 43 74 11 31 91 100 12 61 125 68 2 152 23 126 131 26 51 90 32 49 75 186 167 55 78 72 159 82 83 96 71 121 4 114 103 19 163 178 187 174 37 133 70 41 192 164 183 129 65 179 60 54 17 119 94 76 151 59 170 137
171 74 178 48 144 7 14 98 87 147 61 22 73 193 58 106 59 110 46 183 185 10 50 69 49 63 97 103 75 168 64 5 112 173 170 108 184 156 82 118 41 131 39 191 52 62 101 23 32 21 71 172 157 88 141 93 116 180 67 125 12 117 162 182 111 65 151 96 43 105 160 177 29 119 138 194 169 42 179 25 11 175 139 60 129 114 3 99 200 115 79 143 150 153 196 6 122 51 89 171 128 18 166 107 155 140 132 197 149 36 80 92 86 35 134 165 126 33 174 24 142 94 127 28 133 55 152 146 167 66 190 20 53 26 44 9 199 38 40 68 47 17 154 181 34 30 113 57 76 159 148 104 72 81 195 8 189 135 1 136 27 121 84 15 186 83 123 19 2 4 158 31
109 85 1 92 27 82 19 49 107 22 73 114 144 80 149 15 4 74 7 40 111 136 94 109 83 169 36 65 90 53 179 99 197 139 104 46 172 9 76 69 57 48 171 130 25 191 175 24 32 29 192 71 151 13 112 176 170 30 131 119 159 96 180 117 78 70 20 132 156 106 31 196 54 147 72 101 154 93 116 21 67 103 187 160 100 62 193 174 87 125 23 66 128 108 50 177 178 127 47 39 137 121 126 11 145 64 60 84 77 81
162 110 72 145 49 82 105 92 94 57 180 192 41 74 29 20 170 25 189 18 120 132 13 54 151 181 88 171 125 39 123 36 43 106 124 31 12 46 138 44 185 179 21 108 3 34 148 4 96 16 177 147 160 200 2 59 142 127 130 11 190 198 129 157 116 144 99 118 109 84 23 102 117 69 188 75 176 62 19 40 178 28 162 186 167 166 48 139 163 86 146 184 98 1 76 5 115 89 26 193 60 45 93 35 143 14 101 187 195 73 30 77 33 164 83 149 61 58 165 67 103 32 50 71 63 131 91 104 70 68 134 8 55 197 15 42 81 159 22 126 158 78 66 95 64 56 183 150 79 141 112 9 87 156 122 155 17 194 52 172 199 107 121
139 91 156 75 184 56 108 173 126 31 120 167 18 145 169 166 14 51 164 136 20 194 34 172 118 106 28 62 22 35 134 98 139 105 47 6 115 97 132 90 131 187 112 104 7 17 72 129 46 157 12 53 77 2 102 78 143 23 128 144 149 79 40 159 41 114 193 127 155 70 42 148 200 68 103 121 125 196 30 197 58 33 158 137 57 29 15 176 13 198 8 142 101 119 185 181 61 179 24 87 71 96 138 74 19 36 3 4 5 188 21 10 147 140 190 152 83 151 163 111 146 27 199 107 165 110 153 26 80 182 130 52 93 122 9 60 84 117 174 191
119 198 61 86 129 55 167 58 148 63 161 70 64 184 164 16 117 36 186 48 108 11 160 79 26 57 66 91 109 123 149 87 47 118 181 97 94 27 169 56 37 34 35 175 100 173 152 33 145 20 176 67 73 165 178 81 96 76 139 159 156 172 189 83 46 45 53 52 13 150 170 134 126 127 154 44 21 180 191 114 59 90 1 54 125 168 135 185 197 136 82 7 102 137 19 153 93 105 14 5 115 193 68 92 50 85 147 195 110 31 28 43 190 9 77 111 41 107 3 38
116 84 47 28 104 133 14 85 99 120 181 157 107 138 82 94 111 191 6 127 134 122 2 103 44 43 51 96 69 139 36 125 132 18 53 154 91 98 4 86 173 171 194 168 141 77 40 137 19 151 200 182 48 165 160 130 170 92 72 152 25 52 109 163 196 75 146 12 60 20 145 124 57 64 70 114 169 185 41 101 9 31 88 140 27 59 39 131 55 49 175 136 147 78 156 7 34 129 8 81 187 198 3 108 32 10 197 37 93 143 95 149 123 167 50 63 126
163 51 153 190 165 13 142 134 147 7 194 195 24 89 129 46 42 30 73 10 124 58 126 64 128 161 27 118 114 16 104 150 169 145 60 171 41 61 103 125 170 119 39 105 33 55 63 164 90 50 198 112 6 108 71 38 152 192 87 188 151 69 93 106 76 154 72 166 82 34 146 25 197 23 49 78 57 199 19 133 74 11 158 26 47 80 177 85 68 148 5 9 155 59 97 96 200 144 180 65 117 101 149 178 191 193 172 43 102 21 31 32 123 12 157 181 86 132 163 3 91 187 182 160 18 186 2 83 115 159 40 45 183 92 53 75 84 94 120 189 136 111 8 138 17 36 22 139 88 4 79 81 167 37 173 113 66 140 116 122 67 70 48 107
164 1 103 131 187 180 81 198 133 181 25 90 125 124 137 68 71 93 155 167 117 179 150 51 48 196 193 113 20 174 40 17 78 170 26 98 149 55 62 136 115 52 182 60 64 41 118 189 33 82 121 159 172 145 146 138 185 164 152 24 199 11 134 32 42 19 69 157 66 130 132 161 97 76 70 73 92 91 110 15 56 141 7 10 197 59 13 96 147 140 72 94 162 44 127 88 178 143 36 188 8 144 154 58 200 16 194 35 100 153 54 190 65 139 158 116 30 192 85 27 186 74 135 166 108 46 169 123 63 18 104 83 9 49 80 95 142 112 43 175 120 86 160 23 57 38 195 165 39 3 47 21 79 22 101 183 5 53 119 99 168 177 61 148 2
100 184 138 150 123 35 178 161 151 47 57 41 17 101 44 56 177 157 7 52 162 53 73 160 140 91 86 198 152 128 121 12 90 168 117 84 20 155 46 134 48 94 80 3 82 174 132 30 171 146 131 194 97 195 136 16 75 69 67 197 36 188 22 148 200 42 58 77 99 172 130 114 115 147 19 10 98 110 40 87 193 106 158 55 107 156 104 133 81 32 71 92 113 79 170 165 74 182 61 143 189
120 120 55 161 53 156 59 171 199 21 180 200 90 82 67 150 28 4 136 38 81 44 115 110 154 97 39 112 147 164 78 114 22 169 168 121 165 8 158 142 101 27 94 74 93 32 132 17 196 69 173 66 122 2 183 102 176 195 189 45 46 9 16 127 140 185 72 145 125 100 117 188 47 30 64 20 80 111 73 43 184 108 40 99 51 141 76 68 15 175 35 124 151 172 104 26 29 88 49 65 71 133 179 119 70 109 83 113 56 131 3 187 79 149 1 197 54 19 178 6 25
192 159 68 92 70 38 95 188 167 184 113 112 96 192 143 135 32 56 29 106 200 57 41 91 176 196 130 65 16 141 75 46 168 189 34 40 48 67 93 54 166 136 28 84 169 12 198 153 59 194 111 158 79 88 83 10 186 35 100 63 154 178 132 174 108 177 155 122 170 183 62 73 120 13 139 71 145 7 105 137 109 180 26 193 66 76 14 18 5 37 157 128 129 81 148 156 164 121 52 115 110 99 127 131 160 89 44 33 125 94 24 181 15 50 151 107 191 85 118 72 49 126 27 138 144 171 30 4 179 74 80 8 21 22 1 182 146 165 47 2 104 119 60 31 9 116 140 86 172 17 87 11 19 123 114 61 103 195 20 55 3 142 6 161 197 51 147 64 77 45 134 185 69 190 117 124 43 82 78 25 42 199 23 152 162 39 53 97 36 101 163 102 98
125 12 16 89 39 78 150 1 65 126 118 137 186 10 4 46 172 122 33 158 108 25 161 48 173 165 31 35 198 151 11 129 178 163 21 157 93 153 169 96 9 77 121 135 56 87 195 124 134 127 145 20 106 75 125 187 115 62 8 50 58 26 130 34 183 59 119 184 54 64 90 88 94 51 170 7 200 36 14 61 177 109 66 22 143 24 80 103 5 49 91 155 168 133 181 99 180 179 23 166 86 6 100 141 159 13 140 98 113 60 123 176 138 45 101 107 142 131 17 57 3 44 117 32 70 197
188 115 174 59 140 98 18 71 131 45 130 159 106 2 162 152 105 137 17 176 114 76 119 110 200 146 63 61 95 24 72 182 16 93 13 29 37 184 22 49 66 3 149 28 80 145 155 139 90 14 83 158 30 147 34 120 164 136 196 153 41 141 144 44 172 52 99 85 113 57 84 160 111 5 180 121 128 53 178 195 108 25 20 92 56 68 169 154 89 181 126 177 173 23 183 109 102 39 193 4 11 107 122 143 46 65 197 91 148 31 101 51 161 67 73 132 81 192 26 167 78 8 62 43 198 166 55 125 117 104 175 33 165 190 79 12 199 129 96 187 156 36 135 103 1 189 142 74 58 94 10 88 186 38 170 118 54 27 100 82 194 124 157 75 138 42 70 116 127 21 97 123 86 35 188 48 19 191 185 9 32 50 7 47 179 60 64 134 150
195 95 139 61 129 172 15 90 109 29 163 21 189 60 81 136 24 33 108 89 2 145 119 45 39 12 8 128 92 19 140 5 16 155 104 14 124 176 38 71 157 184 31 138 55 156 122 169 144 13 130 42 150 191 65 87 160 151 127 134 34 154 64 131 135 32 170 196 132 149 195 94 48 105 18 63 199 30 159 120 174 179 43 25 58 115 97 164 9 147 91 161 72 101 200 137 141 118 198 75 183 68 110 84 102 85 125 158 47 126 53 148 26 79 76 190 3 44 96 165 100 103 99 1 86 112 178 162 4 77 167 186 70 69 35 41 106 181 20 98 49 83 10 27 116 187 66 78 46 171 50 51 73 88 37 23 54 52 143 67 168 142 146 40 57 111 56 123 153 177 185 173 59 117 152 197 82 36 194 188 17 113 193 107 114 7 28 74 133 182 22 11 180 166 80 62
173 158 40 69 16 132 30 105 126 2 85 165 1 122 142 3 107 19 151 114 46 145 189 130 139 181 64 88 180 194 197 11 161 29 110 188 117 83 66 76 9 27 156 179 33 144 91 60 157 89 174 38 172 195 167 199 168 170 154 4 147 62 87 35 71 12 160 192 54 200 187 190 51 149 67 63 113 159 173 61 81 6 136 32 37 152 41 43 31 133 74 53 148 80 79 125 103 84 17 131 94 59 95 21 5 93 18 153 14 163 185 52 25 98 75 129 121 8 116 176 162 134 100 118 47 7 92 183 34 73 22 44 42 96 36 72 10 124 50 77 196 101 193 127 150 109 155 58 112 198 119 191 140 55 90 111 104 57 15 115 138 135 23 184 48 182 164 146 166 143 70 78 24 45
136 162 144 83 169 25 10 76 27 84 183 66 45 154 65 175 143 151 118 190 198 107 86 35 159 138 96 81 79 106 103 127 97 56 160 8 16 39 99 94 197 54 46 121 33 60 141 140 155 80 176 1 126 174 24 122 130 137 87 147 192 12 34 63 90 110 38 168 139 49 179 72 125 40 31 61 120 98 157 136 173 85 22 19 59 199 7 119 2 13 150 166 113 91 105 185 74 78 77 188 135 145 111 9 88 82 3 200 70 163 30 53 75 26 14 191 64 67 148 164 195 20 146 73 133 18 52 28 123 153 6 128 170 177 21 184 43
180 106 52 26 82 103 200 53 127 156 111 105 11 136 154 165 87 58 168 178 73 187 130 185 97 175 78 38 125 144 107 120 54 158 83 31 95 67 153 60 186 36 161 190 145 80 18 55 71 75 170 117 197 196 64 137 37 66 92 10 173 6 23 46 86 194 2 142 50 35 76 24 134 85 169 9 163 65 199 13 49 68 118 70 15 155 43 88 47 157 115 45 17 79 113 81 98 4 132 84 182 122 148 167 51 184 91 108 121 174 59 7 40 90 99 116 93 151 102 114 164 16 126 30 123 133 171 141 1 96 32 195 104 119 5 20 192 21 166 176 160 147 22 191 162 29 33 112 110 25 135 8 129 56 181 27 100 12 128 57 3 109 149 94 34 150 183 42 74 44 139 61 39 131 101 172 72 177 124 77 62
134 10 156 126 69 133 8 55 80 37 83 152 148 159 150 144 140 36 16 31 42 92 189 113 81 86 103 143 32 128 77 151 2 78 51 61 120 186 149 53 111 141 165 74 28 57 72 96 52 194 105 65 17 63 50 184 6 199 39 116 102 110 46 100 35 179 108 171 62 173 168 11 181 67 19 109 26 200 29 154 40 139 9 172 160 166 192 138 54 106 97 125 122 136 129 167 34 183 163 89 99 70 21 146 187 93 121 132 169 56 177 60 7 47 27 88 198 1 153 107 174 4 114 48 20 130 87 124 24 115 131 197 38 82 58
167 172 194 113 85 31 11 84 156 145 133 137 185 123 61 163 88 134 63 56 126 100 168 165 95 39 108 80 24 101 132 129 69 102 152 90 191 5 68 146 160 38 65 127 110 27 199 177 59 54 10 195 128 162 154 181 60 35 83 17 96 121 120 151 51 124 45 180 104 98 150 170 86 43 36 158 41 15 64 76 19 105 70 44 72 171 136 26 157 167 74 94 82 91 176 178 13 14 149 175 29 22 81 118 1 12 182 114 67 21 2 57 25 131 117 30 40 148 92 142 49 166 125 97 47 62 122 20 16 112 193 164 190 197 140 115 73 139 77 179 34 192 33 198 155 173 48 18 71 50 116 32 103 159 147 3 6 189 28 8 109 23 188 89 58 55 93 52
175 100 122 104 195 31 68 72 30 180 188 88 171 47 82 167 70 12 84 130 79 182 57 110 76 96 34 105 143 153 32 192 183 126 73 166 120 147 169 185 200 65 148 35 155 39 75 170 53 5 3 197 152 194 141 160 132 59 26 137 46 85 67 134 135 41 18 91 196 186 119 179 16 9 142 184 45 4 102 106 7 1 156 140 81 97 48 36 86 127 60 131 83 42 111 95 168 43 20 173 128 187 144 69 189 63 71 19 172 176 27 74 138 133 115 55 58 177 129 50 139 158 162 23 191 113 109 161 198 99 159 164 136 163 94 44 14 10 78 124 28 89 66 22 54 199 77 2 146 165 92 101 112 190 17 56 90 61 15 118 149 6 87 145 193 62 151 40 21 93 175 157 174 13 51 24
187 65 63 133 12 178 81 102 168 144 60 34 10 121 165 141 170 88 147 50 139 78 26 72 129 100 19 167 91 77 169 105 189 62 190 54 135 161 35 46 116 21 7 93 181 132 150 25 30 187 45 82 80 193 52 27 33 163 200 126 179 152 28 86 47 53 198 17 192 164 106 156 145 148 67 157 149 79 112 41 83 14 176 74 87 38 197 73 2 3 43 4 138 61 199 68 76 1 90 107 118 196 104 180 71 44 119 134 120 111 51 92 16 174 48 20 97 146 140 137 85 173 177 117 69 37 160 159 136 186 172 158 58 24 89 32 110 128 18 195 39 103 124 56 130 42 94 122 153 5 125 31 127 57 143 29 15 22 75 9 49 11 166 171 66 155 188 98 184 162 123 194 84 154 101 142 55 13 64 108 59 95 114 99 23 36 185 96
136 70 79 139 149 115 147 141 120 181 101 146 124 9 61 133 20 88 90 111 180 22 161 87 110 128 195 63 31 50 105 77 1 153 41 12 132 98 112 100 93 25 54 97 129 82 150 168 189 122 102 159 106 130 96 8 69 86 186 160 200 56 151 40 176 192 125 134 174 184 16 51 175 85 3 156 15 197 99 114 172 68 72 13 107 154 5 138 39 45 49 21 60 10 66 185 140 42 19 143 187 44 28 137 169 37 179 32 30 71 157 188 38 162 121 136 196 173 193 194 2 95 91 24 75 34 35 155 89 59 11 46 167 58 164 170 64
181 4 71 200 35 47 132 41 77 99 121 24 12 144 141 143 106 167 19 39 168 26 164 140 194 198 193 68 139 199 104 64 6 91 3 120 34 126 159 170 22 62 60 74 70 103 122 160 128 119 27 88 96 102 94 115 152 49 57 147 138 75 81 181 189 87 44 179 69 98 195 153 117 11 8 146 66 192 40 107 28 187 127 154 156 184 13 51 16 175 155 149 15 113 42 56 178 73 90 46 157 9 43 59 176 137 174 129 172 38 136 131 110 23 17 123 83 29 196 148 95 180 20 118 142 72 165 163 186 177 50 53 31 65 191 86 10 32 145 108 2 25 93 84 61 185 48 21 188 162 171 37 36 101 116 183 105 97 114 182 18 130 158 33 197 54 135 169 151 133 52 85 30 161 78 100 55 58 125 79 76 124
118 129 58 82 101 155 73 71 138 113 59 6 167 172 114 182 68 199 176 19 126 119 15 140 65 135 166 45 181 4 89 160 60 55 10 43 87 142 118 51 66 49 5 150 14 12 198 149 95 20 27 17 91 109 31 7 153 63 30 21 81 151 184 115 162 196 64 67 25 34 61 32 90 62 147 70 139 92 74 197 105 134 200 96 69 188 146 40 145 103 130 42 175 100 122 104 38 194 187 22 28 131 164 152 24 93 72 178 18 170 121 110 78 54 161 174 127 2 111
183 40 31 38 60 159 12 52 95 171 130 123 36 199 26 160 23 108 168 104 155 21 115 151 59 97 74 167 153 124 118 29 166 64 189 170 20 43 178 76 137 48 152 139 136 81 198 147 112 140 161 119 14 91 96 78 128 200 190 185 179 13 11 63 69 177 24 3 58 113 28 129 149 1 103 127 114 41 44 184 144 141 2 85 126 106 68 61 47 135 122 51 94 117 34 174 39 165 32 45 16 162 186 110 90 19 4 157 163 125 182 131 197 70 98 49 18 194 65 75 46 134 82 169 158 188 164 93 121 180 196 172 111 192 33 145 88 56 42 176 181 5 156 105 107 37 173 150 55 27 79 175 72 154 148 25 10 6 89 77 57 17 83 133 53 62 132 7 71 109 67 143 92 73 102 84 187 15 116 30 193 54 138 66
155 10 130 126 171 133 114 159 79 173 56 22 169 190 18 149 89 156 8 140 138 131 151 153 121 160 83 84 91 92 17 192 107 183 104 47 77 94 75 196 117 152 57 168 78 44 141 21 31 85 137 112 165 195 179 42 193 135 9 115 99 150 70 187 40 14 87 13 180 100 34 25 62 185 38 191 101 1 148 174 119 88 24 49 12 41 51 102 65 116 136 98 109 172 157 182 71 2 132 33 123 66 106 146 69 32 50 73 7 46 120 163 194 97 6 158 82 30 93 118 80 147 11 105 188 177 125 36 162 4 53 175 128 20 86 64 39 35 170 178 3 161 199 43 90 181 67 63 124 145 197 19 28 16 127 113
100 152 169 19 167 36 104 173 77 88 181 101 28 81 109 43 97 15 38 42 78 114 26 131 174 154 107 145 135 53 172 84 186 115 39 117 192 2 89 197 130 138 62 125 157 93 196 193 143 195 133 69 85 3 11 9 111 24 71 194 184 73 86 70 18 94 178 92 116 25 46 64 63 22 151 149 108 177 100 52 99 75 56 198 122 4 41 90 33 23 180 35 65 142 176 155 144 112 190 54 66
199 39 24 4 32 148 51 197 25 82 40 169 163 69 87 137 196 178 124 118 160 41 22 199 165 6 18 30 135 10 61 31 117 170 65 143 38 73 150 142 26 141 54 139 81 33 190 86 116 134 113 11 98 13 194 27 167 115 112 29 168 182 100 122 152 34 75 23 127 151 108 104 120 119 77 171 49 66 158 183 175 60 180 125 21 92 187 126 43 103 48 35 128 147 17 145 159 12 85 57 166 149 52 62 55 164 78 162 179 8 191 193 45 71 174 130 110 123 1 155 189 102 172 9 20 181 84 177 44 132 176 198 3 95 89 101 58 91 59 96 138 136 56 47 76 173 192 50 19 188 144 14 157 105 93 37 36 129 106 133 107 121 83 53 63 109 94 70 68 154 42 28 72 16 5 64 15 161 131 140 185 79 7 200 88 97 153 99 2 186 184 156 114 46 111 195 146 74 90 67
130 32 82 79 119 137 103 87 52 155 63 132 106 25 36 102 18 127 75 177 124 93 49 139 81 138 133 71 64 107 151 192 122 160 4 5 78 162 83 111 96 172 170 188 176 117 21 140 31 129 120 91 173 108 185 154 194 65 189 11 131 191 44 187 60 42 88 76 109 28 159 26 33 126 135 99 97 92 10 100 166 181 61 15 186 190 62 114 85 200 184 195 14 73 175 98 161 146 149 156 136 105 153 72 68 95 12 148 38 197 101 145 182 164 163 74 23 167 89 39 41 24 51 144 86 178 13 180 123 84 8
105 92 7 100 191 141 148 15 66 74 27 43 83 129 178 153 147 188 88 97 77 107 145 58 174 14 171 5 113 189 34 108 119 102 17 106 25 8 103 158 9 152 167 112 93 38 68 80 61 150 33 36 28 187 44 48 13 62 132 60 39 120 135 87 85 59 29 46 192 12 137 199 89 42 54 51 193 186 184 173 50 142 118 123 30 86 139 26 176 198 99 177 4 1 19 155 78 63 143 90 24 71 121 169 67 154
151 200 71 101 57 88 69 135 54 92 185 102 74 39 126 153 161 81 116 45 67 36 123 114 177 169 118 40 35 144 196 176 175 193 143 13 137 20 108 178 76 97 3 63 142 155 90 129 18 103 1 182 12 117 141 121 41 56 73 191 44 132 181 167 192 55 95 136 146 85 75 58 42 128 22 33 158 16 26 197 43 82 47 184 10 120 150 119 50 83 93 106 148 189 113 127 87 84 27 173 80 172 98 7 66 29 154 199 105 15 157 86 52 130 34 131 152 61 100 23 21 89 115 162 24 110 170 188 99 6 104 138 37 65 156 77 14 64 96 25 60 147 8 165 183 134 68 53 30 163 140 194
163 131 15 172 200 69 194 64 197 188 28 13 109 12 68 198 171 175 97 123 45 157 55 106 51 192 122 168 40 164 140 145 108 90 136 162 61 22 127 31 124 116 47 87 115 187 63 96 146 102 143 78 33 7 103 54 152 20 107 49 62 58 183 189 23 16 5 137 149 196 32 14 177 79 130 17 161 53 117 27 44 6 8 169 111 9 113 39 59 72 100 18 170 105 186 65 94 104 82 73 41 86 150 46 135 52 180 134 71 141 112 76 88 67 151 163 195 110 91 48 74 126 42 50 80 121 19 167 2 154 159 138 119 25 85 181 56 184 174 66 178 193 139 38 114 101 84 95 57 89 26 83 142 11 60 21 93 75 29 30 99 128 155 199
152 119 138 130 178 133 165 193 24 191 135 8 149 187 70 47 173 100 36 140 128 99 132 188 102 53 32 11 131 116 177 117 170 94 39 180 84 157 141 146 6 52 18 50 5 174 127 136 78 25 186 48 158 72 22 124 195 38 56 49 33 126 142 167 59 183 199 134 200 40 152 61 69 123 120 96 109 75 19 143 192 129 57 51 145 179 67 65 139 13 108 43 16 68 4 101 151 98 196 92 17 121 27 105 137 85 144 26 171 197 86 88 12 154 35 156 166 164 162 122 15 14 115 64 83 23 185 91 46 45 9 37 44 198 55 182 118 28 110 76 155 62 1 159 7 29 161 10 184 107 114 95 111
119 52 168 127 5 164 42 55 151 91 135 190 93 169 24 155 44 118 49 63 158 33 34 163 96 147 198 50 72 187 131 173 7 174 126 68 180 172 21 183 181 14 116 115 106 122 43 39 58 160 22 143 84 186 48 78 162 149 81 1 26 32 9 176 103 62 157 123 16 23 98 13 47 117 87 184 171 27 104 196 138 192 29 108 64 60 197 2 67 35 51 133 182 40 3 132 77 119 166 6 105 94 178 130 82 8 59 69 129 73 136 28 36 17 74 148 195 12 71 100
109 159 124 75 134 136 94 189 13 51 163 59 155 139 138 15 38 92 91 104 30 74 73 24 18 147 192 120 101 153 114 182 154 158 21 190 98 56 62 177 131 4 16 19 8 33 77 133 66 63 150 157 169 32 146 7 181 71 191 178 118 176 143 76 145 45 175 40 135 105 97 164 44 188 184 25 85 27 132 174 170 166 117 14 55 172 109 60 112 123 42 82 160 1 200 107 52 111 53 151 88 103 126 47 195 149 6 197 142 72
113 138 50 200 84 45 27 73 63 83 92 52 156 79 96 77 147 94 99 150 61 81 165 159 95 197 8 108 10 187 193 120 157 3 106 25 93 87 123 122 126 169 127 162 133 100 140 131 148 65 11 14 64 24 53 160 66 130 142 107 58 7 111 124 192 181 20 1 35 86 109 40 118 101 82 134 186 117 56 69 42 179 154 36 57 164 121 141 13 62 161 48 46 110 189 98 70 59 55 155 76 23 78 15 173 137 47 152 102 103 163 113 171 21
134 54 4 159 53 186 79 59 38 51 43 13 40 89 125 86 135 87 143 132 154 97 67 48 182 140 15 127 58 88 199 92 171 57 23 146 118 98 47 137 95 196 78 10 185 75 61 130 115 142 170 73 131 114 141 190 34 81 99 64 7 74 71 72 103 32 184 11 27 152 147 56 35 5 169 150 6 109 21 134 66 14 198 24 187 126 105 29 192 112 122 183 49 149 90 133 62 116 20 65 151 189 197 167 164 41 76 8 191 33 175 172 102 176 77 111 128 93 104 96 136 94 153 119 148 26 83 69 155 18 19 174 117 100 200
190 64 187 84 162 154 185 15 42 108 49 151 6 97 148 36 183 123 71 136 9 149 27 26 58 95 16 51 81 184 48 40 188 22 102 143 155 165 140 145 69 41 99 19 172 17 20 117 132 59 90 115 50 104 190 166 63 106 135 194 176 3 114 122 65 103 124 137 193 28 179 147 96 55 7 105 93 31 72 61 195 139 133 13 171 21 62 126 116 181 73 130 88 174 191 23 125 120 57 33 68 52 199 80 119 159 164 82 32 182 37 60 113 142 186 12 101 127 173 78 45 168 4 161 112 53 25 66 8 169 146 83 70 79 189 129 30 86 5 177 153 75 144 197 111 77 157 128 158 196 85 156 167 178 11 138 89 94 200 46 160 38 39 47 87 67 141 35 43 170 175 44 180 163 2 18 98 198 14 131 192 152 150 92 24 29 1 56 34 54 74
159 124 141 170 109 35 104 74 88 156 66 183 135 157 82 57 26 147 36 131 143 196 8 3 107 41 45 110 92 49 17 42 72 129 22 190 34 153 140 182 189 130 200 101 27 61 103 167 69 169 142 53 172 122 197 32 24 64 168 184 128 25 16 20 76 5 187 117 179 119 50 191 71 163 31 18 13 145 108 113 79 120 52 146 186 80 192 154 95 185 9 151 62 60 150 78 158 123 44 14 180 121 85 93 6 171 152 133 56 114 181 28 138 75 87 139 58 112 177 100 2 4 15 194 7 98 39 126 174 90 116 55 165 40 33 134 65 164 161 175 77 47 173 166 83 30 68 59 91 127 21 106 195 10 97 102 193 29 178 198
134 26 123 35 57 60 92 183 56 157 152 81 101 185 24 112 174 29 145 27 65 89 188 12 180 98 199 127 118 93 43 156 16 167 193 49 51 134 168 124 39 99 78 23 97 116 61 46 153 40 198 83 162 66 82 170 173 8 68 70 79 32 38 160 125 33 96 6 129 67 150 36 113 86 139 159 178 120 107 59 37 111 181 161 55 17 30 133 64 73 20 171 4 115 117 177 75 100 72 88 184 121 76 11 163 119 132 187 15 9 200 165 138 22 154 53 122 47 45 18 158 149 172 1 169 85 90 102 135 189 14 7 52 48 186
107 134 163 170 64 92 45 44 84 154 123 179 49 131 99 199 75 143 169 81 55 190 25 98 93 106 95 183 120 42 198 127 63 40 26 174 80 194 4 135 11 171 109 100 161 195 160 192 149 86 10 118 37 126 22 79 196 108 41 1 32 70 159 77 193 152 141 122 103 34 87 53 29 6 130 158 62 182 188 91 7 2 164 58 88 115 13 168 90 197 72 28 54 144 46 73 140 180 9 125 186 136 16 107 15 94 12 83
147 54 18 6 166 9 12 68 98 128 77 29 157 64 179 52 198 55 26 105 140 158 167 137 169 165 23 168 139 50 138 71 80 177 131 124 196 154 113 49 82 44 61 145 88 148 85 22 142 97 75 173 184 13 19 118 43 127 185 25 193 181 144 57 122 190 14 53 15 164 110 45 119 155 96 135 35 74 199 36 136 162 56 46 16 27 151 195 175 51 171 69 31 95 10 81 76 30 123 126 192 174 106 109 111 170 153 47 70 101 11 115 20 7 34 48 60 40 191 73 104 65 5 100 103 178 152 41 2 134 130 107 89 24 176 58 3 17 72 132 189 94 114 159 108 197 125 186
101 115 102 107 171 6 42 100 173 121 77 128 177 136 184 67 185 109 191 16 22 113 161 68 61 19 84 150 169 129 34 118 197 65 59 17 143 95 112 7 141 33 125 156 187 90 111 27 195 123 93 153 108 172 157 155 3 134 30 104 194 167 38 52 137 96 63 176 120 51 92 36 199 11 182 144 140 45 13 18 54 53 103 154 145 20 158 151 163 200 31 69 41 91 139 21 166 133 119 86 71 64
175 57 193 190 89 82 158 87 152 200 161 25 58 116 128 1 56 98 160 163 54 183 178 3 177 51 91 197 157 103 19 155 33 90 132 28 74 59 144 8 9 188 187 134 192 171 75 34 150 52 139 99 131 117 146 93 167 151 181 102 71 148 189 175 53 143 68 129 4 14 182 113 156 66 10 42 76 69 32 5 137 48 21 46 136 198 191 81 85 13 186 106 83 12 50 49 79 94 92 26 199 43 162 37 164 41 107 15 101 153 176 173 130 108 124 11 169 38 23 47 111 135 194 7 165 174 195 154 142 86 60 125 35 72 123 44 63 185 29 112 168 30 109 64 119 6 96 110 88 84 127 73 133 184 97 77 122 61 67 27 105 39 140 31 78 159 114 104 62 120 147 145 65 18 138 166
103 27 186 15 8 16 94 91 144 5 60 52 88 125 160 131 84 106 187 93 22 61 109 96 163 159 155 71 47 89 150 113 3 170 36 80 146 107 158 111 23 95 32 37 75 40 46 145 82 118 188 117 19 172 122 2 120 72 130 179 38 53 6 17 174 18 153 140 65 45 134 133 199 4 200 42 97 35 68 31 104 29 132 139 110 73 101 196 55 175 77 166 112 33 136 164 116 198 90 100 135 169 99 143
185 46 16 104 103 190 170 159 160 150 165 107 108 36 140 167 18 128 200 51 178 15 7 67 25 38 63 199 12 57 171 186 81 95 172 43 91 74 72 35 143 136 2 195 131 119 90 177 184 4 76 121 129 69 113 48 56 111 29 174 3 96 198 5 88 154 19 39 145 32 149 101 60 40 84 134 55 105 10 24 138 59 182 164 31 168 102 114 30 123 100 194 68 181 64 180 49 52 144 179 156 169 78 47 42 62 13 65 94 147 77 187 28 54 120 162 99 132 188 175 133 86 66 8 53 151 71 11 27 115 146 37 98 58 97 152 106 17 73 33 109 185 141 9 70 193 85 79 176 191 197 122 116 6 157 93 127 158 148 126 183 124 130 192 45 139 87 80 173 41 163 22 92 26 161 118 82 89 75 14 155 44 110 50 112 189
129 76 23 117 43 150 148 144 33 88 84 139 75 115 124 14 194 165 5 49 193 87 112 2 179 191 101 19 48 160 32 8 172 15 127 107 189 110 140 26 47 4 151 145 51 122 63 128 89 98 28 153 154 54 137 59 96 20 99 197 27 80 177 72 149 95 143 37 138 113 25 147 58 9 196 36 24 152 105 38 175 40 190 121 133 109 41 118 7 56 199 85 163 61 188 66 103 21 50 65 67 178 162 31 186 68 81 73 108 90 42 62 70 60 17 34 185 44 57 134 71 132 79 12 167 156 195 35 125 135
172 122 63 78 184 159 1 124 32 107 2 45 193 7 165 113 8 41 134 38 64 19 199 71 139 35 173 3 198 36 61 149 105 111 116 154 187 135 51 112 132 143 18 183 174 119 127 100 152 141 82 137 89 11 97 103 162 88 190 188 67 79 27 47 171 96 133 120 80 157 128 145 138 42 50 14 60 62 46 75 66 130 182 15 126 22 85 90 26 30 197 180 91 24 28 164 40 129 106 147 166 86 84 155 53 176 104 70 81 93 9 115 148 194 140 57 54 65 153 49 167 151 160 12 169 68 150 144 39 156 43 186 177 168 87 72 6 110 125 25 29 185 114 200 21 98 161 55 16 108 158 189 5 172 109 73 20 101 33 146 118 58 37 17 178 170 195 77 179 121 191 136 13
118 12 82 65 125 147 79 11 174 167 124 80 130 99 188 107 52 181 175 165 198 127 118 156 145 154 149 120 78 19 191 33 15 155 86 36 185 13 2 183 108 101 93 29 197 143 41 58 119 32 157 129 76 63 100 28 136 38 173 30 51 195 16 115 85 25 40 190 14 186 177 102 153 160 3 23 139 97 46 21 179 7 134 72 162 158 169 109 49 39 59 170 60 148 142 180 194 57 168 26 131 192 87 94 43 110 74 56 84 89 166 18 116 126 111 66 103 159 123
119 189 106 100 73 23 28 92 120 117 118 173 15 12 180 36 11 82 44 136 137 19 110 103 39 127 178 30 156 87 123 138 64 114 149 169 134 47 105 133 108 74 153 34 179 175 112 76 16 172 33 20 10 13 95 67 162 191 157 154 25 98 170 22 70 129 164 45 193 60 152 199 86 3 122 1 52 29 53 115 150 78 121 50 163 184 55 102 43 88 113 40 155 93 140 68 166 139 91 89 198 38 181 119 42 148 187 131 75 130 90 26 99 32 17 8 80 56 41 177
179 175 177 30 94 155 160 5 33 184 25 62 64 144 183 67 91 200 36 140 126 114 146 85 68 152 157 9 131 24 90 147 156 121 143 170 27 46 3 176 133 61 70 113 47 129 77 101 139 130 141 182 6 43 89 98 60 122 107 83 136 159 194 106 42 8 69 63 112 199 31 37 150 109 196 81 119 168 87 4 2 185 54 132 108 58 165 49 28 148 55 59 65 79 38 163 161 34 174 10 100 19 26 48 52 86 190 192 123 128 50 84 82 158 151 7 80 166 17 20 23 110 21 40 51 198 120 29 116 173 74 117 41 153 76 103 22 105 169 96 124 172 13 75 35 149 189 104 118 39 18 95 32 154 12 138 162 53 167 99 1 180 127 171 115 187 45 44 56 179 188 195 181 14 66 57 16 111 78 142
132 39 192 8 6 159 183 181 98 119 92 57 104 15 150 156 80 130 55 110 139 109 142 146 37 60 30 186 78 177 176 107 153 93 193 69 75 20 7 138 47 72 180 162 143 79 200 45 125 83 148 121 136 59 195 63 133 100 111 54 25 99 197 71 196 168 52 160 48 188 94 10 19 84 137 51 172 90 38 46 155 101 152 118 103 11 1 27 187 123 82 179 149 106 127 40 122 144 9 26 29 131 154 91 12 42 34 5 28 151 16 112 190 171 58 199 3 126 24 166 74 191 17 14 33 73 178 44 114 76 158 68 140
171 180 88 78 184 61 144 40 132 179 49 154 54 111 167 32 22 152 103 129 85 37 11 86 17 72 4 58 52 195 163 166 150 56 190 42 81 91 23 8 125 90 41 177 2 194 168 197 155 116 133 200 31 73 66 169 95 21 83 18 38 106 57 114 158 191 110 93 70 12 59 156 135 60 92 50 99 136 9 98 126 127 46 35 176 33 186 96 27 189 172 84 74 142 123 139 14 175 140 82 182 71 13 89 196 198 15 109 131 170 63 62 173 121 51 108 124 19 47 68 199 6 185 162 153 112 76 118 183 100 53 7 79 3 192 113 187 120 157 122 36 64 55 146 80 25 26 149 178 134 45 48 102 147 151 69 39 30 171 44 165 77 75 1 161 119 104 43 87 145 24 193
173 15 132 199 6 197 150 155 70 13 104 92 190 106 8 76 85 12 122 64 65 88 20 39 41 195 108 4 103 43 100 83 119 93 90 10 169 149 136 140 191 72 146 182 19 163 80 66 176 7 74 124 57 46 99 120 18 63 9 77 75 17 196 139 101 47 98 114 184 187 102 183 171 81 144 2 111 89 160 116 5 34 165 188 68 167 134 115 42 52 1 148 192 154 49 127 107 113 179 130 73 168 97 162 79 143 87 159 27 161 67 60 137 125 23 118 172 142 151 166 186 21 54 170 32 95 105 51 50 29 40 91 78 121 110 94 147 157 3 71 16 112 175 180 55 158 200 145 11 48 178 25 189 31 128 59 141 35 177 56 174 14 156 30 62 28 37 133 36 117 194 58 22 82
156 165 54 157 74 64 134 124 116 144 76 8 72 150 139 61 106 15 191 89 178 49 188 77 99 19 80 109 131 91 3 78 50 184 100 148 173 30 114 115 65 85 31 88 43 119 127 168 98 147 14 82 143 79 175 194 170 47 122 16 164 4 46 101 161 135 2 95 59 111 10 152 97 113 104 73 22 45 25 198 137 69 163 133 130 126 83 42 132 17 162 193 199 121 81 180 29 96 12 158 56 7 189 107 196 105 34 171 153 41 179 174 35 86 120 55 169 142 53 103 190 37 94 118 145 90 48 136 32 177 57 185 110 183 67 6 197 155 108 87 28 51 181 63 182 11 27 156 40 84 66 36 5 33 146 138 39
126 41 32 168 14 148 184 45 2 59 177 95 40 66 69 65 10 199 97 80 118 6 31 56 181 154 36 99 44 186 16 196 58 193 33 26 126 57 182 73 138 60 171 106 72 179 82 188 75 189 91 52 185 67 11 51 157 172 192 101 167 132 141 3 78 54 133 119 140 12 173 112 96 86 122 129 159 130 104 74 22 84 94 117 190 64 71 39 142 123 144 139 42 23 48 27 17 93 103 198 191 143 115 102 150 137 113 43 183 87 90 70 120 194 151 49 61 145 50 24 174 121 149 37 164 166 13
174 102 186 71 154 112 103 178 87 83 80 81 75 169 175 98 101 198 97 18 144 33 168 120 67 159 184 117 114 196 20 113 16 42 2 134 131 124 51 17 127 146 106 130 143 6 181 7 172 135 167 162 31 43 90 163 147 82 190 133 44 166 1 182 77 108 48 52 8 158 155 160 30 14 22 174 36 180 63 105 128 59 32 177 142 161 164 94 125 100 151 109 28 115 58 12 185 95 191 23 21 61 29 171 27 197 195 126 19 85 4 99 199 165 96 50 145 10 104 86 54 68 116 200 65 107 66 119 93 152 64 138 157 40 123 39 194 62 9 170 193 76 189 37 179 15 187 183 26 53 57 148 122 192 38 156 129 92 72 118 60 13 110 139 91 188 89 176 137 84 25 47 5 34 153
157 3 157 23 180 175 136 12 35 179 148 30 71 53 170 15 104 31 98 87 188 88 52 14 20 21 124 9 190 105 182 141 176 159 149 122 173 155 198 106 187 48 138 186 95 137 46 102 171 166 129 181 132 194 91 75 112 43 84 18 66 111 118 37 117 160 178 103 143 156 17 27 57 127 28 45 153 191 73 67 1 81 22 82 74 145 172 116 77 11 123 164 139 83 121 140 61 8 42 119 150 68 19 97 96 126 130 200 10 29 199 165 144 151 131 169 26 125 13 114 101 113 184 69 185 79 47 55 107 40 60 154 177 5 158 162 196 128 90 189 146 63 16 34 163 167 86 93 80 85 183 51 142 44 134 147 161 49
149 86 78 117 171 155 6 145 49 71 7 140 154 159 64 85 105 120 189 25 18 101 179 92 47 141 107 44 199 191 33 124 167 128 98 40 136 55 143 91 150 170 181 133 76 173 9 116 54 15 99 176 83 59 66 74 50 192 37 197 109 122 183 125 178 162 81 100 123 196 193 79 35 68 77 156 104 72 41 177 160 75 188 152 153 168 30 132 14 34 58 157 26 56 131 60 165 187 5 53 195 82 10 19 111 112 158 43 129 137 164 45 11 174 126 127 149 146 8 87 70 39 51 17 65 134 106 42 90 21 148 185 110 139 186 138 57 147 96 84 13 166 62 63 108 69 73 67 97 103
176 137 133 151 61 153 75 57 46 129 81 141 159 188 139 80 48 70 105 165 33 158 170 25 147 180 56 154 195 172 169 150 83 184 115 79 186 98 189 24 174 136 85 94 86 88 71 17 122 20 181 76 194 128 146 125 10 45 49 191 178 41 144 177 2 9 60 77 127 168 113 162 164 6 143 123 132 64 23 28 31 192 167 199 103 171 37 27 74 112 40 110 26 84 187 35 166 106 50 69 30 78 126 91 54 121 134 152 117 173 163 148 34 47 29 59 67 107 32 73 18 87 7 22 161 1 89 93 15 12 97 197 196 145 21 72 38 179 66 131 42 14 44 185 3 142 39 198 119 157 183 8 63 138 176 43 140 53 156 118 52 160 135 96 13 51 120 155 149 116 58 68 130 90 55 190 82
135 55 20 41 160 188 147 56 17 78 169 22 139 13 192 170 162 155 30 123 59 196 120 71 28 118 168 183 61 23 52 46 103 75 156 43 164 197 96 85 165 158 177 153 126 198 135 27 64 86 94 137 90 97 186 53 176 199 110 193 7 95 167 194 100 33 34 180 62 77 29 117 106 173 124 51 125 149 133 115 79 157 144 74 80 54 107 151 38 84 68 82 179 11 88 39 132 60 136 101 25 48 113 14 109 154 127 171 142 98 26 65 148 44 182 122 58 140 40 184 47 66 134 108 92 42 159 70 87 116 175 102 105 141 190 99
136 60 10 108 144 30 131 117 188 62 101 189 44 81 127 38 43 190 128 96 14 147 193 13 6 121 55 132 149 176 2 119 73 180 67 57 185 21 15 137 112 183 159 178 89 120 122 110 84 4 156 130 166 142 158 97 56 59 50 40 165 151 46 83 182 198 163 124 99 76 63 177 36 153 79 154 75 174 24 22 172 95 31 197 161 68 107 115 109 5 26 85 37 33 39 86 160 200 191 53 140 179 90 72 175 134 17 91 87 105 141 187 143 88 66 157 136 195 102 71 100 168 49 173 111 186 65 29 35 126 47 74 61 167 11 51 114
122 170 137 83 150 172 20 197 191 38 157 177 107 160 101 168 66 80 167 14 175 162 106 56 198 31 74 179 113 181 48 22 25 50 10 46 143 84 34 108 166 86 61 193 134 138 54 149 18 154 9 121 17 77 19 102 123 99 93 196 26 147 200 174 153 78 47 188 16 1 81 98 110 109 146 135 152 145 95 42 140 71 127 105 64 155 151 100 75 126 63 36 58 21 12 62 32 144 53 6 171 199 70 192 33 142 185 24 87 158 176 194 165 182 173 161 82 187 117 11 164 35 103
141 2 154 179 192 58 34 141 132 160 52 116 126 73 17 93 162 79 123 180 146 63 42 22 65 31 101 29 78 105 4 69 193 98 139 182 115 40 55 57 77 91 164 195 198 121 197 150 54 155 107 181 72 25 187 46 3 47 183 8 111 152 94 119 103 174 48 28 169 135 82 96 127 151 106 60 142 147 131 62 102 185 66 45 35 43 178 124 84 137 30 80 59 149 83 10 130 171 128 167 56 88 148 136 177 166 95 143 1 36 158 173 19 196 53 64 5 176 74 170 50 109 7 51 32 145 86 23 38 194 144 138 199 68 129 122 161 6 184 99 71 26
140 23 118 151 183 55 62 1 63 74 196 172 177 188 59 48 66 17 158 88 28 94 113 68 127 100 84 153 147 16 75 141 58 54 5 3 120 185 33 36 154 108 168 144 18 199 167 45 146 57 173 25 19 77 52 134 130 13 149 189 86 92 12 103 122 128 26 194 61 41 164 65 112 37 76 107 79 83 115 21 129 71 7 8 142 121 9 126 69 35 40 80 11 90 60 82 95 78 14 47 38 56 51 72 180 105 159 30 198 162 160 166 89 171 170 102 97 39 96 93 34 43 152 2 10 125 192 200 44 20 70 64 87 181 27 42 123 106 53 133 104
181 182 109 116 99 6 35 37 125 160 101 50 23 178 1 174 85 74 11 167 124 110 84 194 200 53 20 80 52 22 100 98 185 88 82 43 42 94 130 135 127 120 17 4 79 97 170 137 157 103 129 24 128 77 89 164 39 171 47 196 169 122 62 145 69 95 148 3 123 8 181 184 111 29 146 7 92 163 75 180 154 16 25 86 21 78 197 143 150 12 172 175 61 191 121 66 73 183 18 142 15 192 93 2 57 55 113 87 166 105 139 165 186 140 27 5 33 156 31 76 70 13 162 102 134 136 114 91 72 152 187 32 141 60 149 54 117 153 51 138 40 177 45 168 179 14 151 81 131 189 119 41 190 126 49 199 155 161 30 133 115 118 10 9 63 68 90 65 59 158 96 64 44 46 104 34 28 56 195 147 112 38
140 36 58 154 145 119 151 127 171 150 99 66 165 140 65 142 69 72 14 11 94 135 60 110 90 33 51 41 91 44 16 12 5 175 139 169 10 39 55 88 4 146 162 43 147 46 184 155 22 78 80 130 61 79 89 74 104 96 159 13 196 156 185 95 75 109 125 115 192 107 17 64 176 181 19 1 157 53 161 149 160 82 62 8 2 93 170 129 164 183 34 77 173 71 38 134 25 68 26 54 186 182 101 194 122 70 113 98 56 45 108 103 97 178 23 102 42 131 37 126 120 21 118 153 7 106 132 81 48 174 197 137 133 83 52 32 168 143 166 112 199
107 142 90 85 48 136 154 103 38 35 184 1 162 196 127 106 191 171 105 131 40 68 80 182 28 25 63 139 200 116 75 120 110 12 128 144 179 58 189 187 150 16 65 84 27 39 148 8 117 130 59 26 76 146 71 37 46 89 199 54 29 164 49 87 123 188 119 82 60 22 41 183 102 86 34 92 2 143 52 13 62 24 149 181 141 126 170 134 95 14 152 186 156 118 145 113 135 197 64 125 115 4 111 6 132 163 10 36
184 70 140 181 182 55 22 33 68 9 157 161 57 112 5 42 16 110 134 199 28 186 13 29 123 109 38 160 105 27 155 164 15 152 170 147 114 177 196 46 121 185 194 30 146 129 65 63 106 89 43 99 77 171 44 107 166 122 184 69 172 132 120 179 118 100 84 59 178 2 94 85 101 64 58 137 67 187 24 149 126 183 142 34 154 53 158 41 130 95 88 18 190 104 60 31 98 189 78 97 124 73 75 66 47 82 7 45 113 175 35 20 54 21 96 141 37 71 195 153 125 36 188 176 49 8 72 136 81 25 162 117 133 80 39 128 139 111 74 1 197 131 86 83 52 91 200 6 127 17 108 12 174 169 143 168 90 102 159 115 40 145 4 156 163 167 150 87 180 103 173 10 26 50 192 198 32 116 151 79 191 19 51 11 92
172 72 37 194 65 113 98 123 105 134 88 97 139 27 50 171 193 53 108 48 46 43 71 164 15 126 138 75 93 54 177 57 186 144 181 174 157 102 106 131 136 130 163 10 64 132 67 142 92 117 73 169 7 128 14 47 38 110 58 74 195 122 143 83 180 22 192 100 196 60 200 16 4 185 170 29 33 124 141 159 109 162 23 168 66 135 150 125 40 103 146 78 70 114 21 127 9 25 30 148 55 1 99 156 155 101 84 81 2 62 87 151 19 112 158 188 160 104 13 94 82 191 149 63 51 107 119 59 176 28 133 91 129 120 76 187 39 115 161 178 116 183 52 3 118 198 6 137 12 69 42 173 26 49 154 147 95 197 44 189 175 31 153 56 45 41 20 17 68 77 190 111 34
131 14 184 127 160 156 99 178 138 152 25 30 70 145 147 134 36 69 194 53 56 130 122 8 150 101 75 110 16 34 125 86 112 29 149 42 98 137 85 48 154 80 63 43 76 1 26 123 15 40 24 118 92 170 96 71 67 95 185 180 51 121 188 190 189 183 187 68 47 74 181 176 46 81 65 191 50 146 104 13 78 109 88 135 141 114 136 159 119 103 131 166 168 108 158 128 21 33 31 175 12 17 177 129 54 140 126 57 200 23 3 142 105 7 144 5 143 120 148 6 72 100 173 73 37 167 161 77 196 83 38 9
170 134 39 32 171 24 125 180 82 33 50 66 30 190 105 89 1 22 16 186 147 199 112 80 196 123 135 85 21 90 138 49 177 87 165 148 92 172 124 170 159 192 18 4 20 23 101 139 116 98 166 69 54 60 131 164 72 73 140 78 154 158 130 68 106 155 181 145 96 53 44 197 41 188 195 110 26 198 122 194 99 84 31 115 94 28 191 52 111 176 25 83 37 79 58 97 163 200 183 189 13 8 143 57 29 14 42 132 74 113 127 136 70 76 142 121 117 156 150 51 10 2 81 103 193 11 174 6 126 95 40 61 45 15 114 63 173 108 178 137 93 133 109 152 104 149 62 146 162 184 167 120 160 91 175 102 141 185 36 47 179 59 153 100 12 3 48 19 129 17 46
200 184 78 164 24 80 142 61 96 35 132 170 27 173 150 45 82 18 4 36 25 15 64 145 21 130 139 40 177 53 120 149 187 183 95 101 169 7 126 140 86 146 124 188 111 44 108 79 190 167 17 196 123 26 135 5 143 70 34 156 93 127 109 106 33 136 23 89 105 11 181 103 65 55 144 115 122 37 159 77 174 178 131 195 182 19 68 41 175 67 57 107 100 128 85 8 172 29 22 60 110 138 69 154 75 38 2 134 76 52 197 20 160 185 119 50 113 46 88 186 31 192 193 84 30 71 162 13 12 73 133 166 112 94 102 14 198 151 137 47 176 189 87 99 121 3 161 153 10 39 54 163 59 51 58 62 81 63 165 98 28 171 32 49 158 92 191 116 6 91 104 114 125 9 74 42 194 72 152 97 129 148 179 199 200 1 168 155 43 56 48 157 180 118 141 16 147 117 66 83 90
166 129 132 60 176 113 77 118 125 168 4 154 52 114 156 107 171 106 82 200 100 26 85 57 5 87 78 47 21 28 37 183 180 160 25 56 147 13 153 109 51 167 193 112 189 7 62 42 27 18 10 11 1 23 195 71 29 169 22 72 39 174 110 188 155 163 64 190 101 36 108 79 165 30 98 50 66 76 136 43 170 182 123 143 117 197 102 59 198 139 33 148 142 38 9 80 45 35 68 137 179 122 134 96 140 135 120 73 20 196 44 95 86 105 81 184 32 119 144 40 127 94 83 115 150 199 178 164 91 58 181 48 6 161 138 146 111 55 16 74 172 128 93 12 145 166 149 3 69 186 84 185 151 90 116 194 53 99 162 187 121 191 175 152 159 131 61
0 1
0 2
0 3
0 4
0 5
0 6
0 7
0 8
0 9
0 10
0 11
0 12
0 13
0 14
0 15
0 16
0 17
0 18
0 19
0 20
0 21
0 22
0 23
0 24
0 25
0 26
0 27
0 28
0 29
0 30
0 31
0 32
0 33
0 34
0 35
0 36
0 37
0 38
0 39
0 40
0 41
0 42
0 43
0 44
0 45
0 46
0 47
0 48
0 49
0 50
0 51
0 52
0 53
0 54
0 55
0 56
0 57
0 58
0 59
0 60
0 61
0 62
0 63
0 64
0 65
0 66
0 67
0 68
0 69
0 70
0 71
0 72
0 73
0 74
0 75
0 76
0 77
0 78
0 79
0 80
0 81
0 82
0 83
0 84
0 85
0 86
0 87
0 88
0 89
0 90
0 91
0 92
0 93
0 94
0 95
0 96
0 97
0 98
0 99
1 2
1 3
1 4
1 5
1 6
1 7
1 8
1 9
1 10
1 11
1 12
1 13
1 14
1 15
1 16
1 17
1 18
1 19
1 20
1 21
1 22
1 23
1 24
1 25
1 26
1 27
1 28
1 29
1 30
1 31
1 32
1 33
1 34
1 35
1 36
1 37
1 38
1 39
1 40
1 41
1 42
1 43
1 44
1 45
1 46
1 47
1 48
1 49
1 50
1 51
1 52
1 53
1 54
1 55
1 56
1 57
1 58
1 59
1 60
1 61
1 62
1 63
1 64
1 65
1 66
1 67
1 68
1 69
1 70
1 71
1 72
1 73
1 74
1 75
1 76
1 77
1 78
1 79
1 80
1 81
1 82
1 83
1 84
1 85
1 86
1 87
1 88
1 89
1 90
1 91
1 92
1 93
1 94
1 95
1 96
1 97
1 98
1 99
2 3
2 4
2 5
2 6
2 7
2 8
2 9
2 10
2 11
2 12
2 13
2 14
2 15
2 16
2 17
2 18
2 19
2 20
2 21
2 22
2 23
2 24
2 25
2 26
2 27
2 28
2 29
2 30
2 31
2 32
2 33
2 34
2 35
2 36
2 37
2 38
2 39
2 40
2 41
2 42
2 43
2 44
2 45
2 46
2 47
2 48
2 49
2 50
2 51
2 52
2 53
2 54
2 55
2 56
2 57
2 58
2 59
2 60
2 61
2 62
2 63
2 64
2 65
2 66
2 67
2 68
2 69
2 70
2 71
2 72
2 73
2 74
2 75
2 76
2 77
2 78
2 79
2 80
2 81
2 82
2 83
2 84
2 85
2 86
2 87
2 88
2 89
2 90
2 91
2 92
2 93
2 94
2 95
2 96
2 97
2 98
2 99
3 4
3 5
3 6
3 7
3 8
3 9
3 10
3 11
3 12
3 13
3 14
3 15
3 16
3 17
3 18
3 19
3 20
3 21
3 22
3 23
3 24
3 25
3 26
3 27
3 28
3 29
3 30
3 31
3 32
3 33
3 34
3 35
3 36
3 37
3 38
3 39
3 40
3 41
3 42
3 43
3 44
3 45
3 46
3 47
3 48
3 49
3 50
3 51
3 52
3 53
3 54
3 55
3 56
3 57
3 58
3 59
3 60
3 61
3 62
3 63
3 64
3 65
3 66
3 67
3 68
3 69
3 70
3 71
3 72
3 73
3 74
3 75
3 76
3 77
3 78
3 79
3 80
3 81
3 82
3 83
3 84
3 85
3 86
3 87
3 88
3 89
3 90
3 91
3 92
3 93
3 94
3 95
3 96
3 97
3 98
3 99
4 5
4 6
4 7
4 8
4 9
4 10
4 11
4 12
4 13
4 14
4 15
4 16
4 17
4 18
4 19
4 20
4 21
4 22
4 23
4 24
4 25
4 26
4 27
4 28
4 29
4 30
4 31
4 32
4 33
4 34
4 35
4 36
4 37
4 38
4 39
4 40
4 41
4 42
4 43
4 44
4 45
4 46
4 47
4 48
4 49
4 50
4 51
4 52
4 53
4 54
4 55
4 56
4 57
4 58
4 59
4 60
4 61
4 62
4 63
4 64
4 65
4 66
4 67
4 68
4 69
4 70
4 71
4 72
4 73
4 74
4 75
4 76
4 77
4 78
4 79
4 80
4 81
4 82
4 83
4 84
4 85
4 86
4 87
4 88
4 89
4 90
4 91
4 92
4 93
4 94
4 95
4 96
4 97
4 98
4 99
5 6
5 7
5 8
5 9
5 10
5 11
5 12
5 13
5 14
5 15
5 16
5 17
5 18
5 19
5 20
5 21
5 22
5 23
5 24
5 25
5 26
5 27
5 28
5 29
5 30
5 31
5 32
5 33
5 34
5 35
5 36
5 37
5 38
5 39
5 40
5 41
5 42
5 43
5 44
5 45
5 46
5 47
5 48
5 49
5 50
5 51
5 52
5 53
5 54
5 55
5 56
5 57
5 58
5 59
5 60
5 61
5 62
5 63
5 64
5 65
5 66
5 67
5 68
5 69
5 70
5 71
5 72
5 73
5 74
5 75
5 76
5 77
5 78
5 79
5 80
5 81
5 82
5 83
5 84
5 85
5 86
5 87
5 88
5 89
5 90
5 91
5 92
5 93
5 94
5 95
5 96
5 97
5 98
5 99
6 7
6 8
6 9
6 10
6 11
6 12
6 13
6 14
6 15
6 16
6 17
6 18
6 19
6 20
6 21
6 22
6 23
6 24
6 25
6 26
6 27
6 28
6 29
6 30
6 31
6 32
6 33
6 34
6 35
6 36
6 37
6 38
6 39
6 40
6 41
6 42
6 43
6 44
6 45
6 46
6 47
6 48
6 49
6 50
6 51
6 52
6 53
6 54
6 55
6 56
6 57
6 58
6 59
6 60
6 61
6 62
6 63
6 64
6 65
6 66
6 67
6 68
6 69
6 70
6 71
6 72
6 73
6 74
6 75
6 76
6 77
6 78
6 79
6 80
6 81
6 82
6 83
6 84
6 85
6 86
6 87
6 88
6 89
6 90
6 91
6 92
6 93
6 94
6 95
6 96
6 97
6 98
6 99
7 8
7 9
7 10
7 11
7 12
7 13
7 14
7 15
7 16
7 17
7 18
7 19
7 20
7 21
7 22
7 23
7 24
7 25
7 26
7 27
7 28
7 29
7 30
7 31
7 32
7 33
7 34
7 35
7 36
7 37
7 38
7 39
7 40
7 41
7 42
7 43
7 44
7 45
7 46
7 47
7 48
7 49
7 50
7 51
7 52
7 53
7 54
7 55
7 56
7 57
7 58
7 59
7 60
7 61
7 62
7 63
7 64
7 65
7 66
7 67
7 68
7 69
7 70
7 71
7 72
7 73
7 74
7 75
7 76
7 77
7 78
7 79
7 80
7 81
7 82
7 83
7 84
7 85
7 86
7 87
7 88
7 89
7 90
7 91
7 92
7 93
7 94
7 95
7 96
7 97
7 98
7 99
8 9
8 10
8 11
8 12
8 13
8 14
8 15
8 16
8 17
8 18
8 19
8 20
8 21
8 22
8 23
8 24
8 25
8 26
8 27
8 28
8 29
8 30
8 31
8 32
8 33
8 34
8 35
8 36
8 37
8 38
8 39
8 40
8 41
8 42
8 43
8 44
8 45
8 46
8 47
8 48
8 49
8 50
8 51
8 52
8 53
8 54
8 55
8 56
8 57
8 58
8 59
8 60
8 61
8 62
8 63
8 64
8 65
8 66
8 67
8 68
8 69
8 70
8 71
8 72
8 73
8 74
8 75
8 76
8 77
8 78
8 79
8 80
8 81
8 82
8 83
8 84
8 85
8 86
8 87
8 88
8 89
8 90
8 91
8 92
8 93
8 94
8 95
8 96
8 97
8 98
8 99
9 10
9 11
9 12
9 13
9 14
9 15
9 16
9 17
9 18
9 19
9 20
9 21
9 22
9 23
9 24
9 25
9 26
9 27
9 28
9 29
9 30
9 31
9 32
9 33
9 34
9 35
9 36
9 37
9 38
9 39
9 40
9 41
9 42
9 43
9 44
9 45
9 46
9 47
9 48
9 49
9 50
9 51
9 52
9 53
9 54
9 55
9 56
9 57
9 58
9 59
9 60
9 61
9 62
9 63
9 64
9 65
9 66
9 67
9 68
9 69
9 70
9 71
9 72
9 73
9 74
9 75
9 76
9 77
9 78
9 79
9 80
9 81
9 82
9 83
9 84
9 85
9 86
9 87
9 88
9 89
9 90
9 91
9 92
9 93
9 94
9 95
9 96
9 97
9 98
9 99
10 11
10 12
10 13
10 14
10 15
10 16
10 17
10 18
10 19
10 20
10 21
10 22
10 23
10 24
10 25
10 26
10 27
10 28
10 29
10 30
10 31
10 32
10 33
10 34
10 35
10 36
10 37
10 38
10 39
10 40
10 41
10 42
10 43
10 44
10 45
10 46
10 47
10 48
10 49
10 50
10 51
10 52
10 53
10 54
10 55
10 56
10 57
10 58
10 59
10 60
10 61
10 62
10 63
10 64
10 65
10 66
10 67
10 68
10 69
10 70
10 71
10 72
10 73
10 74
10 75
10 76
10 77
10 78
10 79
10 80
10 81
10 82
10 83
10 84
10 85
10 86
10 87
10 88
10 89
10 90
10 91
10 92
10 93
10 94
10 95
10 96
10 97
10 98
10 99
11 12
11 13
11 14
11 15
11 16
11 17
11 18
11 19
11 20
11 21
11 22
11 23
11 24
11 25
11 26
11 27
11 28
11 29
11 30
11 31
11 32
11 33
11 34
11 35
11 36
11 37
11 38
11 39
11 40
11 41
11 42
11 43
11 44
11 45
11 46
11 47
11 48
11 49
11 50
11 51
11 52
11 53
11 54
11 55
11 56
11 57
11 58
11 59
11 60
11 61
11 62
11 63
11 64
11 65
11 66
11 67
11 68
11 69
11 70
11 71
11 72
11 73
11 74
11 75
11 76
11 77
11 78
11 79
11 80
11 81
11 82
11 83
11 84
11 85
11 86
11 87
11 88
11 89
11 90
11 91
11 92
11 93
11 94
11 95
11 96
11 97
11 98
11 99
12 13
12 14
12 15
12 16
12 17
12 18
12 19
12 20
12 21
12 22
12 23
12 24
12 25
12 26
12 27
12 28
12 29
12 30
12 31
12 32
12 33
12 34
12 35
12 36
12 37
12 38
12 39
12 40
12 41
12 42
12 43
12 44
12 45
12 46
12 47
12 48
12 49
12 50
12 51
12 52
12 53
12 54
12 55
12 56
12 57
12 58
12 59
12 60
12 61
12 62
12 63
12 64
12 65
12 66
12 67
12 68
12 69
12 70
12 71
12 72
12 73
12 74
12 75
12 76
12 77
12 78
12 79
12 80
12 81
12 82
12 83
12 84
12 85
12 86
12 87
12 88
12 89
12 90
12 91
12 92
12 93
12 94
12 95
12 96
12 97
12 98
12 99
13 14
13 15
13 16
13 17
13 18
13 19
13 20
13 21
13 22
13 23
13 24
13 25
13 26
13 27
13 28
13 29
13 30
13 31
13 32
13 33
13 34
13 35
13 36
13 37
13 38
13 39
13 40
13 41
13 42
13 43
13 44
13 45
13 46
13 47
13 48
13 49
13 50
13 51
13 52
13 53
13 54
13 55
13 56
13 57
13 58
13 59
13 60
13 61
13 62
13 63
13 64
13 65
13 66
13 67
13 68
13 69
13 70
13 71
13 72
13 73
13 74
13 75
13 76
13 77
13 78
13 79
13 80
13 81
13 82
13 83
13 84
13 85
13 86
13 87
13 88
13 89
13 90
13 91
13 92
13 93
13 94
13 95
13 96
13 97
13 98
13 99
14 15
14 16
14 17
14 18
14 19
14 20
14 21
14 22
14 23
14 24
14 25
14 26
14 27
14 28
14 29
14 30
14 31
14 32
14 33
14 34
14 35
14 36
14 37
14 38
14 39
14 40
14 41
14 42
14 43
14 44
14 45
14 46
14 47
14 48
14 49
14 50
14 51
14 52
14 53
14 54
14 55
14 56
14 57
14 58
14 59
14 60
14 61
14 62
14 63
14 64
14 65
14 66
14 67
14 68
14 69
14 70
14 71
14 72
14 73
14 74
14 75
14 76
14 77
14 78
14 79
14 80
14 81
14 82
14 83
14 84
14 85
14 86
14 87
14 88
14 89
14 90
14 91
14 92
14 93
14 94
14 95
14 96
14 97
14 98
14 99
15 16
15 17
15 18
15 19
15 20
15 21
15 22
15 23
15 24
15 25
15 26
15 27
15 28
15 29
15 30
15 31
15 32
15 33
15 34
15 35
15 36
15 37
15 38
15 39
15 40
15 41
15 42
15 43
15 44
15 45
15 46
15 47
15 48
15 49
15 50
15 51
15 52
15 53
15 54
15 55
15 56
15 57
15 58
15 59
15 60
15 61
15 62
15 63
15 64
15 65
15 66
15 67
15 68
15 69
15 70
15 71
15 72
15 73
15 74
15 75
15 76
15 77
15 78
15 79
15 80
15 81
15 82
15 83
15 84
15 85
15 86
15 87
15 88
15 89
15 90
15 91
15 92
15 93
15 94
15 95
15 96
15 97
15 98
15 99
16 17
16 18
16 19
16 20
16 21
16 22
16 23
16 24
16 25
16 26
16 27
16 28
16 29
16 30
16 31
16 32
16 33
16 34
16 35
16 36
16 37
16 38
16 39
16 40
16 41
16 42
16 43
16 44
16 45
16 46
16 47
16 48
16 49
16 50
16 51
16 52
16 53
16 54
16 55
16 56
16 57
16 58
16 59
16 60
16 61
16 62
16 63
16 64
16 65
16 66
16 67
16 68
16 69
16 70
16 71
16 72
16 73
16 74
16 75
16 76
16 77
16 78
16 79
16 80
16 81
16 82
16 83
16 84
16 85
16 86
16 87
16 88
16 89
16 90
16 91
16 92
16 93
16 94
16 95
16 96
16 97
16 98
16 99
17 18
17 19
17 20
17 21
17 22
17 23
17 24
17 25
17 26
17 27
17 28
17 29
17 30
17 31
17 32
17 33
17 34
17 35
17 36
17 37
17 38
17 39
17 40
17 41
17 42
17 43
17 44
17 45
17 46
17 47
17 48
17 49
17 50
17 51
17 52
17 53
17 54
17 55
17 56
17 57
17 58
17 59
17 60
17 61
17 62
17 63
17 64
17 65
17 66
17 67
17 68
17 69
17 70
17 71
17 72
17 73
17 74
17 75
17 76
17 77
17 78
17 79
17 80
17 81
17 82
17 83
17 84
17 85
17 86
17 87
17 88
17 89
17 90
17 91
17 92
17 93
17 94
17 95
17 96
17 97
17 98
17 99
18 19
18 20
18 21
18 22
18 23
18 24
18 25
18 26
18 27
18 28
18 29
18 30
18 31
18 32
18 33
18 34
18 35
18 36
18 37
18 38
18 39
18 40
18 41
18 42
18 43
18 44
18 45
18 46
18 47
18 48
18 49
18 50
18 51
18 52
18 53
18 54
18 55
18 56
18 57
18 58
18 59
18 60
18 61
18 62
18 63
18 64
18 65
18 66
18 67
18 68
18 69
18 70
18 71
18 72
18 73
18 74
18 75
18 76
18 77
18 78
18 79
18 80
18 81
18 82
18 83
18 84
18 85
18 86
18 87
18 88
18 89
18 90
18 91
18 92
18 93
18 94
18 95
18 96
18 97
18 98
18 99
19 20
19 21
19 22
19 23
19 24
19 25
19 26
19 27
19 28
19 29
19 30
19 31
19 32
19 33
19 34
19 35
19 36
19 37
19 38
19 39
19 40
19 41
19 42
19 43
19 44
19 45
19 46
19 47
19 48
19 49
19 50
19 51
19 52
19 53
19 54
19 55
19 56
19 57
19 58
19 59
19 60
19 61
19 62
19 63
19 64
19 65
19 66
19 67
19 68
19 69
19 70
19 71
19 72
19 73
19 74
19 75
19 76
19 77
19 78
19 79
19 80
19 81
19 82
19 83
19 84
19 85
19 86
19 87
19 88
19 89
19 90
19 91
19 92
19 93
19 94
19 95
19 96
19 97
19 98
19 99
20 21
20 22
20 23
20 24
20 25
20 26
20 27
20 28
20 29
20 30
20 31
20 32
20 33
20 34
20 35
20 36
20 37
20 38
20 39
20 40
20 41
20 42
20 43
20 44
20 45
20 46
20 47
20 48
20 49
20 50
20 51
20 52
20 53
20 54
20 55
20 56
20 57
20 58
20 59
20 60
20 61
20 62
20 63
20 64
20 65
20 66
20 67
20 68
20 69
20 70
20 71
20 72
20 73
20 74
20 75
20 76
20 77
20 78
20 79
20 80
20 81
20 82
20 83
20 84
20 85
20 86
20 87
20 88
20 89
20 90
20 91
20 92
20 93
20 94
20 95
20 96
20 97
20 98
20 99
21 22
21 23
21 24
21 25
21 26
21 27
21 28
21 29
21 30
21 31
21 32
21 33
21 34
21 35
21 36
21 37
21 38
21 39
21 40
21 41
21 42
21 43
21 44
21 45
21 46
21 47
21 48
21 49
21 50
21 51
21 52
21 53
21 54
21 55
21 56
21 57
21 58
21 59
21 60
21 61
21 62
21 63
21 64
21 65
21 66
21 67
21 68
21 69
21 70
21 71
21 72
21 73
21 74
21 75
21 76
21 77
21 78
21 79
21 80
21 81
21 82
21 83
21 84
21 85
21 86
21 87
21 88
21 89
21 90
21 91
21 92
21 93
21 94
21 95
21 96
21 97
21 98
21 99
22 23
22 24
22 25
22 26
22 27
22 28
22 29
22 30
22 31
22 32
22 33
22 34
22 35
22 36
22 37
22 38
22 39
22 40
22 41
22 42
22 43
22 44
22 45
22 46
22 47
22 48
22 49
22 50
22 51
22 52
22 53
22 54
22 55
22 56
22 57
22 58
22 59
22 60
22 61
22 62
22 63
22 64
22 65
22 66
22 67
22 68
22 69
22 70
22 71
22 72
22 73
22 74
22 75
22 76
22 77
22 78
22 79
22 80
22 81
22 82
22 83
22 84
22 85
22 86
22 87
22 88
22 89
22 90
22 91
22 92
22 93
22 94
22 95
22 96
22 97
22 98
22 99
23 24
23 25
23 26
23 27
23 28
23 29
23 30
23 31
23 32
23 33
23 34
23 35
23 36
23 37
23 38
23 39
23 40
23 41
23 42
23 43
23 44
23 45
23 46
23 47
23 48
23 49
23 50
23 51
23 52
23 53
23 54
23 55
23 56
23 57
23 58
23 59
23 60
23 61
23 62
23 63
23 64
23 65
23 66
23 67
23 68
23 69
23 70
23 71
23 72
23 73
23 74
23 75
23 76
23 77
23 78
23 79
23 80
23 81
23 82
23 83
23 84
23 85
23 86
23 87
23 88
23 89
23 90
23 91
23 92
23 93
23 94
23 95
23 96
23 97
23 98
23 99
24 25
24 26
24 27
24 28
24 29
24 30
24 31
24 32
24 33
24 34
24 35
24 36
24 37
24 38
24 39
24 40
24 41
24 42
24 43
24 44
24 45
24 46
24 47
24 48
24 49
24 50
24 51
24 52
24 53
24 54
24 55
24 56
24 57
24 58
24 59
24 60
24 61
24 62
24 63
24 64
24 65
24 66
24 67
24 68
24 69
24 70
24 71
24 72
24 73
24 74
24 75
24 76
24 77
24 78
24 79
24 80
24 81
24 82
24 83
24 84
24 85
24 86
24 87
24 88
24 89
24 90
24 91
24 92
24 93
24 94
24 95
24 96
24 97
24 98
24 99
25 26
25 27
25 28
25 29
25 30
25 31
25 32
25 33
25 34
25 35
25 36
25 37
25 38
25 39
25 40
25 41
25 42
25 43
25 44
25 45
25 46
25 47
25 48
25 49
25 50
25 51
25 52
25 53
25 54
25 55
25 56
25 57
25 58
25 59
25 60
25 61
25 62
25 63
25 64
25 65
25 66
25 67
25 68
25 69
25 70
25 71
25 72
25 73
25 74
25 75
25 76
25 77
25 78
25 79
25 80
25 81
25 82
25 83
25 84
25 85
25 86
25 87
25 88
25 89
25 90
25 91
25 92
25 93
25 94
25 95
25 96
25 97
25 98
25 99
26 27
26 28
26 29
26 30
26 31
26 32
26 33
26 34
26 35
26 36
26 37
26 38
26 39
26 40
26 41
26 42
26 43
26 44
26 45
26 46
26 47
26 48
26 49
26 50
26 51
26 52
26 53
26 54
26 55
26 56
26 57
26 58
26 59
26 60
26 61
26 62
26 63
26 64
26 65
26 66
26 67
26 68
26 69
26 70
26 71
26 72
26 73
26 74
26 75
26 76
26 77
26 78
26 79
26 80
26 81
26 82
26 83
26 84
26 85
26 86
26 87
26 88
26 89
26 90
26 91
26 92
26 93
26 94
26 95
26 96
26 97
26 98
26 99
27 28
27 29
27 30
27 31
27 32
27 33
27 34
27 35
27 36
27 37
27 38
27 39
27 40
27 41
27 42
27 43
27 44
27 45
27 46
27 47
27 48
27 49
27 50
27 51
27 52
27 53
27 54
27 55
27 56
27 57
27 58
27 59
27 60
27 61
27 62
27 63
27 64
27 65
27 66
27 67
27 68
27 69
27 70
27 71
27 72
27 73
27 74
27 75
27 76
27 77
27 78
27 79
27 80
27 81
27 82
27 83
27 84
27 85
27 86
27 87
27 88
27 89
27 90
27 91
27 92
27 93
27 94
27 95
27 96
27 97
27 98
27 99
28 29
28 30
28 31
28 32
28 33
28 34
28 35
28 36
28 37
28 38
28 39
28 40
28 41
28 42
28 43
28 44
28 45
28 46
28 47
28 48
28 49
28 50
28 51
28 52
28 53
28 54
28 55
28 56
28 57
28 58
28 59
28 60
28 61
28 62
28 63
28 64
28 65
28 66
28 67
28 68
28 69
28 70
28 71
28 72
28 73
28 74
28 75
28 76
28 77
28 78
28 79
28 80
28 81
28 82
28 83
28 84
28 85
28 86
28 87
28 88
28 89
28 90
28 91
28 92
28 93
28 94
28 95
28 96
28 97
28 98
28 99
29 30
29 31
29 32
29 33
29 34
29 35
29 36
29 37
29 38
29 39
29 40
29 41
29 42
29 43
29 44
29 45
29 46
29 47
29 48
29 49
29 50
29 51
29 52
29 53
29 54
29 55
29 56
29 57
29 58
29 59
29 60
29 61
29 62
29 63
29 64
29 65
29 66
29 67
29 68
29 69
29 70
29 71
29 72
29 73
29 74
29 75
29 76
29 77
29 78
29 79
29 80
29 81
29 82
29 83
29 84
29 85
29 86
29 87
29 88
29 89
29 90
29 91
29 92
29 93
29 94
29 95
29 96
29 97
29 98
29 99
30 31
30 32
30 33
30 34
30 35
30 36
30 37
30 38
30 39
30 40
30 41
30 42
30 43
30 44
30 45
30 46
30 47
30 48
30 49
30 50
30 51
30 52
30 53
30 54
30 55
30 56
30 57
30 58
30 59
30 60
30 61
30 62
30 63
30 64
30 65
30 66
30 67
30 68
30 69
30 70
30 71
30 72
30 73
30 74
30 75
30 76
30 77
30 78
30 79
30 80
30 81
30 82
30 83
30 84
30 85
30 86
30 87
30 88
30 89
30 90
30 91
30 92
30 93
30 94
30 95
30 96
30 97
30 98
30 99
31 32
31 33
31 34
31 35
31 36
31 37
31 38
31 39
31 40
31 41
31 42
31 43
31 44
31 45
31 46
31 47
31 48
31 49
31 50
31 51
31 52
31 53
31 54
31 55
31 56
31 57
31 58
31 59
31 60
31 61
31 62
31 63
31 64
31 65
31 66
31 67
31 68
31 69
31 70
31 71
31 72
31 73
31 74
31 75
31 76
31 77
31 78
31 79
31 80
31 81
31 82
31 83
31 84
31 85
31 86
31 87
31 88
31 89
31 90
31 91
31 92
31 93
31 94
31 95
31 96
31 97
31 98
31 99
32 33
32 34
32 35
32 36
32 37
32 38
32 39
32 40
32 41
32 42
32 43
32 44
32 45
32 46
32 47
32 48
32 49
32 50
32 51
32 52
32 53
32 54
32 55
32 56
32 57
32 58
32 59
32 60
32 61
32 62
32 63
32 64
32 65
32 66
32 67
32 68
32 69
32 70
32 71
32 72
32 73
32 74
32 75
32 76
32 77
32 78
32 79
32 80
32 81
32 82
32 83
32 84
32 85
32 86
32 87
32 88
32 89
32 90
32 91
32 92
32 93
32 94
32 95
32 96
32 97
32 98
32 99
33 34
33 35
33 36
33 37
33 38
33 39
33 40
33 41
33 42
33 43
33 44
33 45
33 46
33 47
33 48
33 49
33 50
33 51
33 52
33 53
33 54
33 55
33 56
33 57
33 58
33 59
33 60
33 61
33 62
33 63
33 64
33 65
33 66
33 67
33 68
33 69
33 70
33 71
33 72
33 73
33 74
33 75
33 76
33 77
33 78
33 79
33 80
33 81
33 82
33 83
33 84
33 85
33 86
33 87
33 88
33 89
33 90
33 91
33 92
33 93
33 94
33 95
33 96
33 97
33 98
33 99
34 35
34 36
34 37
34 38
34 39
34 40
34 41
34 42
34 43
34 44
34 45
34 46
34 47
34 48
34 49
34 50
34 51
34 52
34 53
34 54
34 55
34 56
34 57
34 58
34 59
34 60
34 61
34 62
34 63
34 64
34 65
34 66
34 67
34 68
34 69
34 70
34 71
34 72
34 73
34 74
34 75
34 76
34 77
34 78
34 79
34 80
34 81
34 82
34 83
34 84
34 85
34 86
34 87
34 88
34 89
34 90
34 91
34 92
34 93
34 94
34 95
34 96
34 97
34 98
34 99
35 36
35 37
35 38
35 39
35 40
35 41
35 42
35 43
35 44
35 45
35 46
35 47
35 48
35 49
35 50
35 51
35 52
35 53
35 54
35 55
35 56
35 57
35 58
35 59
35 60
35 61
35 62
35 63
35 64
35 65
35 66
35 67
35 68
35 69
35 70
35 71
35 72
35 73
35 74
35 75
35 76
35 77
35 78
35 79
35 80
35 81
35 82
35 83
35 84
35 85
35 86
35 87
35 88
35 89
35 90
35 91
35 92
35 93
35 94
35 95
35 96
35 97
35 98
35 99
36 37
36 38
36 39
36 40
36 41
36 42
36 43
36 44
36 45
36 46
36 47
36 48
36 49
36 50
36 51
36 52
36 53
36 54
36 55
36 56
36 57
36 58
36 59
36 60
36 61
36 62
36 63
36 64
36 65
36 66
36 67
36 68
36 69
36 70
36 71
36 72
36 73
36 74
36 75
36 76
36 77
36 78
36 79
36 80
36 81
36 82
36 83
36 84
36 85
36 86
36 87
36 88
36 89
36 90
36 91
36 92
36 93
36 94
36 95
36 96
36 97
36 98
36 99
37 38
37 39
37 40
37 41
37 42
37 43
37 44
37 45
37 46
37 47
37 48
37 49
37 50
37 51
37 52
37 53
37 54
37 55
37 56
37 57
37 58
37 59
37 60
37 61
37 62
37 63
37 64
37 65
37 66
37 67
37 68
37 69
37 70
37 71
37 72
37 73
37 74
37 75
37 76
37 77
37 78
37 79
37 80
37 81
37 82
37 83
37 84
37 85
37 86
37 87
37 88
37 89
37 90
37 91
37 92
37 93
37 94
37 95
37 96
37 97
37 98
37 99
38 39
38 40
38 41
38 42
38 43
38 44
38 45
38 46
38 47
38 48
38 49
38 50
38 51
38 52
38 53
38 54
38 55
38 56
38 57
38 58
38 59
38 60
38 61
38 62
38 63
38 64
38 65
38 66
38 67
38 68
38 69
38 70
38 71
38 72
38 73
38 74
38 75
38 76
38 77
38 78
38 79
38 80
38 81
38 82
38 83
38 84
38 85
38 86
38 87
38 88
38 89
38 90
38 91
38 92
38 93
38 94
38 95
38 96
38 97
38 98
38 99
39 40
39 41
39 42
39 43
39 44
39 45
39 46
39 47
39 48
39 49
39 50
39 51
39 52
39 53
39 54
39 55
39 56
39 57
39 58
39 59
39 60
39 61
39 62
39 63
39 64
39 65
39 66
39 67
39 68
39 69
39 70
39 71
39 72
39 73
39 74
39 75
39 76
39 77
39 78
39 79
39 80
39 81
39 82
39 83
39 84
39 85
39 86
39 87
39 88
39 89
39 90
39 91
39 92
39 93
39 94
39 95
39 96
39 97
39 98
39 99
40 41
40 42
40 43
40 44
40 45
40 46
40 47
40 48
40 49
40 50
40 51
40 52
40 53
40 54
40 55
40 56
40 57
40 58
40 59
40 60
40 61
40 62
40 63
40 64
40 65
40 66
40 67
40 68
40 69
40 70
40 71
40 72
40 73
40 74
40 75
40 76
40 77
40 78
40 79
40 80
40 81
40 82
40 83
40 84
40 85
40 86
40 87
40 88
40 89
40 90
40 91
40 92
40 93
40 94
40 95
40 96
40 97
40 98
40 99
41 42
41 43
41 44
41 45
41 46
41 47
41 48
41 49
41 50
41 51
41 52
41 53
41 54
41 55
41 56
41 57
41 58
41 59
41 60
41 61
41 62
41 63
41 64
41 65
41 66
41 67
41 68
41 69
41 70
41 71
41 72
41 73
41 74
41 75
41 76
41 77
41 78
41 79
41 80
41 81
41 82
41 83
41 84
41 85
41 86
41 87
41 88
41 89
41 90
41 91
41 92
41 93
41 94
41 95
41 96
41 97
41 98
41 99
42 43
42 44
42 45
42 46
42 47
42 48
42 49
42 50
42 51
42 52
42 53
42 54
42 55
42 56
42 57
42 58
42 59
42 60
42 61
42 62
42 63
42 64
42 65
42 66
42 67
42 68
42 69
42 70
42 71
42 72
42 73
42 74
42 75
42 76
42 77
42 78
42 79
42 80
42 81
42 82
42 83
42 84
42 85
42 86
42 87
42 88
42 89
42 90
42 91
42 92
42 93
42 94
42 95
42 96
42 97
42 98
42 99
43 44
43 45
43 46
43 47
43 48
43 49
43 50
43 51
43 52
43 53
43 54
43 55
43 56
43 57
43 58
43 59
43 60
43 61
43 62
43 63
43 64
43 65
43 66
43 67
43 68
43 69
43 70
43 71
43 72
43 73
43 74
43 75
43 76
43 77
43 78
43 79
43 80
43 81
43 82
43 83
43 84
43 85
43 86
43 87
43 88
43 89
43 90
43 91
43 92
43 93
43 94
43 95
43 96
43 97
43 98
43 99
44 45
44 46
44 47
44 48
44 49
44 50
44 51
44 52
44 53
44 54
44 55
44 56
44 57
44 58
44 59
44 60
44 61
44 62
44 63
44 64
44 65
44 66
44 67
44 68
44 69
44 70
44 71
44 72
44 73
44 74
44 75
44 76
44 77
44 78
44 79
44 80
44 81
44 82
44 83
44 84
44 85
44 86
44 87
44 88
44 89
44 90
44 91
44 92
44 93
44 94
44 95
44 96
44 97
44 98
44 99
45 46
45 47
45 48
45 49
45 50
45 51
45 52
45 53
45 54
45 55
45 56
45 57
45 58
45 59
45 60
45 61
45 62
45 63
45 64
45 65
45 66
45 67
45 68
45 69
45 70
45 71
45 72
45 73
45 74
45 75
45 76
45 77
45 78
45 79
45 80
45 81
45 82
45 83
45 84
45 85
45 86
45 87
45 88
45 89
45 90
45 91
45 92
45 93
45 94
45 95
45 96
45 97
45 98
45 99
46 47
46 48
46 49
46 50
46 51
46 52
46 53
46 54
46 55
46 56
46 57
46 58
46 59
46 60
46 61
46 62
46 63
46 64
46 65
46 66
46 67
46 68
46 69
46 70
46 71
46 72
46 73
46 74
46 75
46 76
46 77
46 78
46 79
46 80
46 81
46 82
46 83
46 84
46 85
46 86
46 87
46 88
46 89
46 90
46 91
46 92
46 93
46 94
46 95
46 96
46 97
46 98
46 99
47 48
47 49
47 50
47 51
47 52
47 53
47 54
47 55
47 56
47 57
47 58
47 59
47 60
47 61
47 62
47 63
47 64
47 65
47 66
47 67
47 68
47 69
47 70
47 71
47 72
47 73
47 74
47 75
47 76
47 77
47 78
47 79
47 80
47 81
47 82
47 83
47 84
47 85
47 86
47 87
47 88
47 89
47 90
47 91
47 92
47 93
47 94
47 95
47 96
47 97
47 98
47 99
48 49
48 50
48 51
48 52
48 53
48 54
48 55
48 56
48 57
48 58
48 59
48 60
48 61
48 62
48 63
48 64
48 65
48 66
48 67
48 68
48 69
48 70
48 71
48 72
48 73
48 74
48 75
48 76
48 77
48 78
48 79
48 80
48 81
48 82
48 83
48 84
48 85
48 86
48 87
48 88
48 89
48 90
48 91
48 92
48 93
48 94
48 95
48 96
48 97
48 98
48 99
49 50
49 51
49 52
49 53
49 54
49 55
49 56
49 57
49 58
49 59
49 60
49 61
49 62
49 63
49 64
49 65
49 66
49 67
49 68
49 69
49 70
49 71
49 72
49 73
49 74
49 75
49 76
49 77
49 78
49 79
49 80
49 81
49 82
49 83
49 84
49 85
49 86
49 87
49 88
49 89
49 90
49 91
49 92
49 93
49 94
49 95
49 96
49 97
49 98
49 99
50 51
50 52
50 53
50 54
50 55
50 56
50 57
50 58
50 59
50 60
50 61
50 62
50 63
50 64
50 65
50 66
50 67
50 68
50 69
50 70
50 71
50 72
50 73
50 74
50 75
50 76
50 77
50 78
50 79
50 80
50 81
50 82
50 83
50 84
50 85
50 86
50 87
50 88
50 89
50 90
50 91
50 92
50 93
50 94
50 95
50 96
50 97
50 98
50 99
51 52
51 53
51 54
51 55
51 56
51 57
51 58
51 59
51 60
51 61
51 62
51 63
51 64
51 65
51 66
51 67
51 68
51 69
51 70
51 71
51 72
51 73
51 74
51 75
51 76
51 77
51 78
51 79
51 80
51 81
51 82
51 83
51 84
51 85
51 86
51 87
51 88
51 89
51 90
51 91
51 92
51 93
51 94
51 95
51 96
51 97
51 98
51 99
52 53
52 54
52 55
52 56
52 57
52 58
52 59
52 60
52 61
52 62
52 63
52 64
52 65
52 66
52 67
52 68
52 69
52 70
52 71
52 72
52 73
52 74
52 75
52 76
52 77
52 78
52 79
52 80
52 81
52 82
52 83
52 84
52 85
52 86
52 87
52 88
52 89
52 90
52 91
52 92
52 93
52 94
52 95
52 96
52 97
52 98
52 99
53 54
53 55
53 56
53 57
53 58
53 59
53 60
53 61
53 62
53 63
53 64
53 65
53 66
53 67
53 68
53 69
53 70
53 71
53 72
53 73
53 74
53 75
53 76
53 77
53 78
53 79
53 80
53 81
53 82
53 83
53 84
53 85
53 86
53 87
53 88
53 89
53 90
53 91
53 92
53 93
53 94
53 95
53 96
53 97
53 98
53 99
54 55
54 56
54 57
54 58
54 59
54 60
54 61
54 62
54 63
54 64
54 65
54 66
54 67
54 68
54 69
54 70
54 71
54 72
54 73
54 74
54 75
54 76
54 77
54 78
54 79
54 80
54 81
54 82
54 83
54 84
54 85
54 86
54 87
54 88
54 89
54 90
54 91
54 92
54 93
54 94
54 95
54 96
54 97
54 98
54 99
55 56
55 57
55 58
55 59
55 60
55 61
55 62
55 63
55 64
55 65
55 66
55 67
55 68
55 69
55 70
55 71
55 72
55 73
55 74
55 75
55 76
55 77
55 78
55 79
55 80
55 81
55 82
55 83
55 84
55 85
55 86
55 87
55 88
55 89
55 90
55 91
55 92
55 93
55 94
55 95
55 96
55 97
55 98
55 99
56 57
56 58
56 59
56 60
56 61
56 62
56 63
56 64
56 65
56 66
56 67
56 68
56 69
56 70
56 71
56 72
56 73
56 74
56 75
56 76
56 77
56 78
56 79
56 80
56 81
56 82
56 83
56 84
56 85
56 86
56 87
56 88
56 89
56 90
56 91
56 92
56 93
56 94
56 95
56 96
56 97
56 98
56 99
57 58
57 59
57 60
57 61
57 62
57 63
57 64
57 65
57 66
57 67
57 68
57 69
57 70
57 71
57 72
57 73
57 74
57 75
57 76
57 77
57 78
57 79
57 80
57 81
57 82
57 83
57 84
57 85
57 86
57 87
57 88
57 89
57 90
57 91
57 92
57 93
57 94
57 95
57 96
57 97
57 98
57 99
58 59
58 60
58 61
58 62
58 63
58 64
58 65
58 66
58 67
58 68
58 69
58 70
58 71
58 72
58 73
58 74
58 75
58 76
58 77
58 78
58 79
58 80
58 81
58 82
58 83
58 84
58 85
58 86
58 87
58 88
58 89
58 90
58 91
58 92
58 93
58 94
58 95
58 96
58 97
58 98
58 99
59 60
59 61
59 62
59 63
59 64
59 65
59 66
59 67
59 68
59 69
59 70
59 71
59 72
59 73
59 74
59 75
59 76
59 77
59 78
59 79
59 80
59 81
59 82
59 83
59 84
59 85
59 86
59 87
59 88
59 89
59 90
59 91
59 92
59 93
59 94
59 95
59 96
59 97
59 98
59 99
60 61
60 62
60 63
60 64
60 65
60 66
60 67
60 68
60 69
60 70
60 71
60 72
60 73
60 74
60 75
60 76
60 77
60 78
60 79
60 80
60 81
60 82
60 83
60 84
60 85
60 86
60 87
60 88
60 89
60 90
60 91
60 92
60 93
60 94
60 95
60 96
60 97
60 98
60 99
61 62
61 63
61 64
61 65
61 66
61 67
61 68
61 69
61 70
61 71
61 72
61 73
61 74
61 75
61 76
61 77
61 78
61 79
61 80
61 81
61 82
61 83
61 84
61 85
61 86
61 87
61 88
61 89
61 90
61 91
61 92
61 93
61 94
61 95
61 96
61 97
61 98
61 99
62 63
62 64
62 65
62 66
62 67
62 68
62 69
62 70
62 71
62 72
62 73
62 74
62 75
62 76
62 77
62 78
62 79
62 80
62 81
62 82
62 83
62 84
62 85
62 86
62 87
62 88
62 89
62 90
62 91
62 92
62 93
62 94
62 95
62 96
62 97
62 98
62 99
63 64
63 65
63 66
63 67
63 68
63 69
63 70
63 71
63 72
63 73
63 74
63 75
63 76
63 77
63 78
63 79
63 80
63 81
63 82
63 83
63 84
63 85
63 86
63 87
63 88
63 89
63 90
63 91
63 92
63 93
63 94
63 95
63 96
63 97
63 98
63 99
64 65
64 66
64 67
64 68
64 69
64 70
64 71
64 72
64 73
64 74
64 75
64 76
64 77
64 78
64 79
64 80
64 81
64 82
64 83
64 84
64 85
64 86
64 87
64 88
64 89
64 90
64 91
64 92
64 93
64 94
64 95
64 96
64 97
64 98
64 99
65 66
65 67
65 68
65 69
65 70
65 71
65 72
65 73
65 74
65 75
65 76
65 77
65 78
65 79
65 80
65 81
65 82
65 83
65 84
65 85
65 86
65 87
65 88
65 89
65 90
65 91
65 92
65 93
65 94
65 95
65 96
65 97
65 98
65 99
66 67
66 68
66 69
66 70
66 71
66 72
66 73
66 74
66 75
66 76
66 77
66 78
66 79
66 80
66 81
66 82
66 83
66 84
66 85
66 86
66 87
66 88
66 89
66 90
66 91
66 92
66 93
66 94
66 95
66 96
66 97
66 98
66 99
67 68
67 69
67 70
67 71
67 72
67 73
67 74
67 75
67 76
67 77
67 78
67 79
67 80
67 81
67 82
67 83
67 84
67 85
67 86
67 87
67 88
67 89
67 90
67 91
67 92
67 93
67 94
67 95
67 96
67 97
67 98
67 99
68 69
68 70
68 71
68 72
68 73
68 74
68 75
68 76
68 77
68 78
68 79
68 80
68 81
68 82
68 83
68 84
68 85
68 86
68 87
68 88
68 89
68 90
68 91
68 92
68 93
68 94
68 95
68 96
68 97
68 98
68 99
69 70
69 71
69 72
69 73
69 74
69 75
69 76
69 77
69 78
69 79
69 80
69 81
69 82
69 83
69 84
69 85
69 86
69 87
69 88
69 89
69 90
69 91
69 92
69 93
69 94
69 95
69 96
69 97
69 98
69 99
70 71
70 72
70 73
70 74
70 75
70 76
70 77
70 78
70 79
70 80
70 81
70 82
70 83
70 84
70 85
70 86
70 87
70 88
70 89
70 90
70 91
70 92
70 93
70 94
70 95
70 96
70 97
70 98
70 99
71 72
71 73
71 74
71 75
71 76
71 77
71 78
71 79
71 80
71 81
71 82
71 83
71 84
71 85
71 86
71 87
71 88
71 89
71 90
71 91
71 92
71 93
71 94
71 95
71 96
71 97
71 98
71 99
72 73
72 74
72 75
72 76
72 77
72 78
72 79
72 80
72 81
72 82
72 83
72 84
72 85
72 86
72 87
72 88
72 89
72 90
72 91
72 92
72 93
72 94
72 95
72 96
72 97
72 98
72 99
73 74
73 75
73 76
73 77
73 78
73 79
73 80
73 81
73 82
73 83
73 84
73 85
73 86
73 87
73 88
73 89
73 90
73 91
73 92
73 93
73 94
73 95
73 96
73 97
73 98
73 99
74 75
74 76
74 77
74 78
74 79
74 80
74 81
74 82
74 83
74 84
74 85
74 86
74 87
74 88
74 89
74 90
74 91
74 92
74 93
74 94
74 95
74 96
74 97
74 98
74 99
75 76
75 77
75 78
75 79
75 80
75 81
75 82
75 83
75 84
75 85
75 86
75 87
75 88
75 89
75 90
75 91
75 92
75 93
75 94
75 95
75 96
75 97
75 98
75 99
76 77
76 78
76 79
76 80
76 81
76 82
76 83
76 84
76 85
76 86
76 87
76 88
76 89
76 90
76 91
76 92
76 93
76 94
76 95
76 96
76 97
76 98
76 99
77 78
77 79
77 80
77 81
77 82
77 83
77 84
77 85
77 86
77 87
77 88
77 89
77 90
77 91
77 92
77 93
77 94
77 95
77 96
77 97
77 98
77 99
78 79
78 80
78 81
78 82
78 83
78 84
78 85
78 86
78 87
78 88
78 89
78 90
78 91
78 92
78 93
78 94
78 95
78 96
78 97
78 98
78 99
79 80
79 81
79 82
79 83
79 84
79 85
79 86
79 87
79 88
79 89
79 90
79 91
79 92
79 93
79 94
79 95
79 96
79 97
79 98
79 99
80 81
80 82
80 83
80 84
80 85
80 86
80 87
80 88
80 89
80 90
80 91
80 92
80 93
80 94
80 95
80 96
80 97
80 98
80 99
81 82
81 83
81 84
81 85
81 86
81 87
81 88
81 89
81 90
81 91
81 92
81 93
81 94
81 95
81 96
81 97
81 98
81 99
82 83
82 84
82 85
82 86
82 87
82 88
82 89
82 90
82 91
82 92
82 93
82 94
82 95
82 96
82 97
82 98
82 99
83 84
83 85
83 86
83 87
83 88
83 89
83 90
83 91
83 92
83 93
83 94
83 95
83 96
83 97
83 98
83 99
84 85
84 86
84 87
84 88
84 89
84 90
84 91
84 92
84 93
84 94
84 95
84 96
84 97
84 98
84 99
85 86
85 87
85 88
85 89
85 90
85 91
85 92
85 93
85 94
85 95
85 96
85 97
85 98
85 99
86 87
86 88
86 89
86 90
86 91
86 92
86 93
86 94
86 95
86 96
86 97
86 98
86 99
87 88
87 89
87 90
87 91
87 92
87 93
87 94
87 95
87 96
87 97
87 98
87 99
88 89
88 90
88 91
88 92
88 93
88 94
88 95
88 96
88 97
88 98
88 99
89 90
89 91
89 92
89 93
89 94
89 95
89 96
89 97
89 98
89 99
90 91
90 92
90 93
90 94
90 95
90 96
90 97
90 98
90 99
91 92
91 93
91 94
91 95
91 96
91 97
91 98
91 99
92 93
92 94
92 95
92 96
92 97
92 98
92 99
93 94
93 95
93 96
93 97
93 98
93 99
94 95
94 96
94 97
94 98
94 99
95 96
95 97
95 98
95 99
96 97
96 98
96 99
97 98
97 99
98 99
