191 2360 9
9 0 1 2 3 4 5 6 7 8
9 0 1 2 3 4 5 6 7 8
9 0 1 2 3 4 5 6 7 8
9 0 1 2 3 4 5 6 7 8
9 0 1 2 3 4 5 6 7 8
9 0 1 2 3 4 5 6 7 8
9 0 1 2 3 4 5 6 7 8
9 0 1 2 3 4 5 6 7 8
9 0 1 2 3 4 5 6 7 8
9 0 1 2 3 4 5 6 7 8
9 0 1 2 3 4 5 6 7 8
9 0 1 2 3 4 5 6 7 8
9 0 1 2 3 4 5 6 7 8
9 0 1 2 3 4 5 6 7 8
9 0 1 2 3 4 5 6 7 8
9 0 1 2 3 4 5 6 7 8
9 0 1 2 3 4 5 6 7 8
9 0 1 2 3 4 5 6 7 8
9 0 1 2 3 4 5 6 7 8
9 0 1 2 3 4 5 6 7 8
9 0 1 2 3 4 5 6 7 8
9 0 1 2 3 4 5 6 7 8
9 0 1 2 3 4 5 6 7 8
9 0 1 2 3 4 5 6 7 8
9 0 1 2 3 4 5 6 7 8
9 0 1 2 3 4 5 6 7 8
9 0 1 2 3 4 5 6 7 8
9 0 1 2 3 4 5 6 7 8
9 0 1 2 3 4 5 6 7 8
9 0 1 2 3 4 5 6 7 8
9 0 1 2 3 4 5 6 7 8
9 0 1 2 3 4 5 6 7 8
9 0 1 2 3 4 5 6 7 8
9 0 1 2 3 4 5 6 7 8
9 0 1 2 3 4 5 6 7 8
9 0 1 2 3 4 5 6 7 8
9 0 1 2 3 4 5 6 7 8
9 0 1 2 3 4 5 6 7 8
9 0 1 2 3 4 5 6 7 8
9 0 1 2 3 4 5 6 7 8
9 0 1 2 3 4 5 6 7 8
9 0 1 2 3 4 5 6 7 8
9 0 1 2 3 4 5 6 7 8
9 0 1 2 3 4 5 6 7 8
9 0 1 2 3 4 5 6 7 8
9 0 1 2 3 4 5 6 7 8
9 0 1 2 3 4 5 6 7 8
9 0 1 2 3 4 5 6 7 8
9 0 1 2 3 4 5 6 7 8
9 0 1 2 3 4 5 6 7 8
9 0 1 2 3 4 5 6 7 8
9 0 1 2 3 4 5 6 7 8
9 0 1 2 3 4 5 6 7 8
9 0 1 2 3 4 5 6 7 8
9 0 1 2 3 4 5 6 7 8
9 0 1 2 3 4 5 6 7 8
9 0 1 2 3 4 5 6 7 8
9 0 1 2 3 4 5 6 7 8
9 0 1 2 3 4 5 6 7 8
9 0 1 2 3 4 5 6 7 8
9 0 1 2 3 4 5 6 7 8
9 0 1 2 3 4 5 6 7 8
9 0 1 2 3 4 5 6 7 8
9 0 1 2 3 4 5 6 7 8
9 0 1 2 3 4 5 6 7 8
9 0 1 2 3 4 5 6 7 8
9 0 1 2 3 4 5 6 7 8
9 0 1 2 3 4 5 6 7 8
9 0 1 2 3 4 5 6 7 8
9 0 1 2 3 4 5 6 7 8
9 0 1 2 3 4 5 6 7 8
9 0 1 2 3 4 5 6 7 8
9 0 1 2 3 4 5 6 7 8
9 0 1 2 3 4 5 6 7 8
9 0 1 2 3 4 5 6 7 8
9 0 1 2 3 4 5 6 7 8
9 0 1 2 3 4 5 6 7 8
9 0 1 2 3 4 5 6 7 8
9 0 1 2 3 4 5 6 7 8
9 0 1 2 3 4 5 6 7 8
9 0 1 2 3 4 5 6 7 8
9 0 1 2 3 4 5 6 7 8
9 0 1 2 3 4 5 6 7 8
9 0 1 2 3 4 5 6 7 8
9 0 1 2 3 4 5 6 7 8
9 0 1 2 3 4 5 6 7 8
9 0 1 2 3 4 5 6 7 8
9 0 1 2 3 4 5 6 7 8
9 0 1 2 3 4 5 6 7 8
9 0 1 2 3 4 5 6 7 8
9 0 1 2 3 4 5 6 7 8
9 0 1 2 3 4 5 6 7 8
9 0 1 2 3 4 5 6 7 8
9 0 1 2 3 4 5 6 7 8
9 0 1 2 3 4 5 6 7 8
9 0 1 2 3 4 5 6 7 8
9 0 1 2 3 4 5 6 7 8
9 0 1 2 3 4 5 6 7 8
9 0 1 2 3 4 5 6 7 8
9 0 1 2 3 4 5 6 7 8
9 0 1 2 3 4 5 6 7 8
9 0 1 2 3 4 5 6 7 8
9 0 1 2 3 4 5 6 7 8
9 0 1 2 3 4 5 6 7 8
9 0 1 2 3 4 5 6 7 8
9 0 1 2 3 4 5 6 7 8
9 0 1 2 3 4 5 6 7 8
9 0 1 2 3 4 5 6 7 8
9 0 1 2 3 4 5 6 7 8
9 0 1 2 3 4 5 6 7 8
9 0 1 2 3 4 5 6 7 8
9 0 1 2 3 4 5 6 7 8
9 0 1 2 3 4 5 6 7 8
9 0 1 2 3 4 5 6 7 8
9 0 1 2 3 4 5 6 7 8
9 0 1 2 3 4 5 6 7 8
9 0 1 2 3 4 5 6 7 8
9 0 1 2 3 4 5 6 7 8
9 0 1 2 3 4 5 6 7 8
9 0 1 2 3 4 5 6 7 8
9 0 1 2 3 4 5 6 7 8
9 0 1 2 3 4 5 6 7 8
9 0 1 2 3 4 5 6 7 8
9 0 1 2 3 4 5 6 7 8
9 0 1 2 3 4 5 6 7 8
9 0 1 2 3 4 5 6 7 8
9 0 1 2 3 4 5 6 7 8
9 0 1 2 3 4 5 6 7 8
9 0 1 2 3 4 5 6 7 8
9 0 1 2 3 4 5 6 7 8
9 0 1 2 3 4 5 6 7 8
9 0 1 2 3 4 5 6 7 8
9 0 1 2 3 4 5 6 7 8
9 0 1 2 3 4 5 6 7 8
9 0 1 2 3 4 5 6 7 8
9 0 1 2 3 4 5 6 7 8
9 0 1 2 3 4 5 6 7 8
9 0 1 2 3 4 5 6 7 8
9 0 1 2 3 4 5 6 7 8
9 0 1 2 3 4 5 6 7 8
9 0 1 2 3 4 5 6 7 8
9 0 1 2 3 4 5 6 7 8
9 0 1 2 3 4 5 6 7 8
9 0 1 2 3 4 5 6 7 8
9 0 1 2 3 4 5 6 7 8
9 0 1 2 3 4 5 6 7 8
9 0 1 2 3 4 5 6 7 8
9 0 1 2 3 4 5 6 7 8
9 0 1 2 3 4 5 6 7 8
9 0 1 2 3 4 5 6 7 8
9 0 1 2 3 4 5 6 7 8
9 0 1 2 3 4 5 6 7 8
9 0 1 2 3 4 5 6 7 8
9 0 1 2 3 4 5 6 7 8
9 0 1 2 3 4 5 6 7 8
9 0 1 2 3 4 5 6 7 8
9 0 1 2 3 4 5 6 7 8
9 0 1 2 3 4 5 6 7 8
9 0 1 2 3 4 5 6 7 8
9 0 1 2 3 4 5 6 7 8
9 0 1 2 3 4 5 6 7 8
9 0 1 2 3 4 5 6 7 8
9 0 1 2 3 4 5 6 7 8
9 0 1 2 3 4 5 6 7 8
9 0 1 2 3 4 5 6 7 8
9 0 1 2 3 4 5 6 7 8
9 0 1 2 3 4 5 6 7 8
9 0 1 2 3 4 5 6 7 8
9 0 1 2 3 4 5 6 7 8
9 0 1 2 3 4 5 6 7 8
9 0 1 2 3 4 5 6 7 8
9 0 1 2 3 4 5 6 7 8
9 0 1 2 3 4 5 6 7 8
9 0 1 2 3 4 5 6 7 8
9 0 1 2 3 4 5 6 7 8
9 0 1 2 3 4 5 6 7 8
9 0 1 2 3 4 5 6 7 8
9 0 1 2 3 4 5 6 7 8
9 0 1 2 3 4 5 6 7 8
9 0 1 2 3 4 5 6 7 8
9 0 1 2 3 4 5 6 7 8
9 0 1 2 3 4 5 6 7 8
9 0 1 2 3 4 5 6 7 8
9 0 1 2 3 4 5 6 7 8
9 0 1 2 3 4 5 6 7 8
9 0 1 2 3 4 5 6 7 8
9 0 1 2 3 4 5 6 7 8
9 0 1 2 3 4 5 6 7 8
9 0 1 2 3 4 5 6 7 8
9 0 1 2 3 4 5 6 7 8
9 0 1 2 3 4 5 6 7 8
135 190
52 107
52 105
44 150
52 109
62 140
55 118
25 148
24 153
1 118
24 155
25 141
24 158
25 143
1 113
25 146
1 111
17 33
8 163
10 90
8 165
8 169
44 93
48 94
48 95
128 190
6 120
106 190
6 128
6 129
58 124
58 121
3 123
22 60
117 190
92 94
14 170
76 97
7 128
76 95
76 94
7 122
3 129
83 117
15 145
15 144
15 140
18 92
15 149
82 189
78 110
32 152
82 94
51 136
53 131
51 137
29 105
29 106
29 108
8 15
78 116
8 11
8 10
82 95
51 132
31 106
31 105
43 50
43 57
21 164
67 117
90 105
9 121
9 120
23 59
23 55
38 117
9 128
23 50
23 53
39 188
93 138
93 139
93 136
93 137
93 134
93 135
86 141
93 133
93 130
93 131
17 118
17 117
73 99
58 98
73 94
73 95
3 118
6 155
3 110
3 111
3 115
174 190
0 59
0 53
27 55
0 50
0 55
70 109
70 103
70 101
16 69
15 45
15 49
44 117
151 190
10 123
10 126
10 127
10 124
10 125
22 129
4 31
4 30
4 37
4 36
13 53
13 51
13 56
11 171
11 173
2 43
2 40
25 56
25 53
2 48
45 60
45 61
45 62
45 63
45 64
45 65
45 66
45 67
45 68
2 169
35 100
35 149
7 74
2 162
35 144
7 71
2 166
96 190
18 128
80 104
18 122
57 124
57 127
57 126
4 173
57 123
80 102
33 149
80 101
50 99
52 116
52 119
50 95
50 94
8 175
25 157
25 154
25 151
4 172
25 159
37 95
12 142
1 129
24 142
12 147
12 144
94 178
1 123
86 98
51 121
1 120
51 126
1 125
85 141
37 99
162 190
75 189
65 105
40 152
10 88
10 89
161 190
8 157
10 86
10 87
8 153
8 152
94 175
94 174
24 95
2 185
2 182
2 180
24 93
11 126
175 190
58 126
75 141
42 105
20 80
7 139
14 146
14 147
14 140
7 133
14 142
53 189
81 189
10 171
80 112
80 113
80 114
80 115
10 170
34 93
15 173
10 173
34 96
34 98
10 172
14 95
14 92
152 190
177 190
93 94
14 99
32 141
32 144
32 145
46 135
28 188
2 130
8 23
8 21
8 27
11 24
11 26
67 120
67 121
11 22
11 29
21 171
21 170
21 173
21 172
21 174
62 98
62 97
43 46
90 117
9 139
23 48
23 46
20 69
9 131
9 132
87 189
93 129
93 128
93 125
93 124
93 127
93 126
93 121
93 120
93 123
93 122
20 145
20 144
16 145
20 140
16 140
46 138
17 105
91 189
57 101
0 66
36 101
0 64
36 104
0 61
130 190
14 174
45 59
44 104
44 103
44 102
44 101
44 100
70 112
70 114
9 109
15 54
15 55
66 189
15 50
0 71
45 158
4 183
10 135
10 134
10 137
10 136
22 114
22 115
22 116
22 110
22 111
13 69
22 113
11 168
11 166
11 164
2 51
2 53
2 56
2 59
33 93
45 153
25 46
49 99
11 187
49 94
45 93
49 96
7 68
76 108
7 62
10 43
33 46
57 112
57 113
57 114
57 115
52 128
93 189
12 69
18 24
1 134
52 189
1 136
1 131
50 127
50 122
50 123
64 189
50 129
13 124
13 127
13 122
8 142
40 144
40 142
8 146
58 101
58 103
47 189
40 93
40 97
40 95
20 98
48 131
48 136
48 134
20 92
20 97
33 114
27 141
33 112
5 59
27 144
27 145
1 2
14 151
27 149
7 107
1 7
7 105
1 5
65 117
134 190
65 119
72 101
72 104
72 107
15 168
15 167
15 164
165 190
18 99
32 156
32 155
18 96
126 190
69 138
29 163
140 190
88 141
11 31
12 30
2 32
31 163
21 148
21 149
21 147
21 140
72 96
72 94
20 72
20 73
60 94
60 117
9 145
9 144
72 99
93 118
93 119
94 183
92 189
20 175
16 152
69 136
51 114
26 47
26 46
8 34
133 190
23 145
35 49
8 33
4 179
35 47
35 46
8 38
4 178
4 7
37 188
0 73
0 76
36 117
0 78
4 8
124 190
10 100
10 101
10 102
15 22
15 25
15 26
94 188
32 68
20 128
60 119
94 180
16 128
32 60
32 61
94 184
94 185
94 186
94 187
13 71
22 109
22 108
13 74
23 143
13 76
23 141
10 104
13 79
22 107
12 117
23 148
10 103
19 128
188 190
19 122
22 34
22 35
22 36
22 37
22 38
22 39
43 105
81 101
25 93
7 59
25 96
109 190
25 99
7 51
7 57
0 184
18 105
57 94
57 104
57 103
57 102
0 182
57 100
30 68
33 52
33 53
33 54
33 55
33 56
52 139
52 132
52 130
1 142
1 144
1 147
1 149
12 164
12 165
24 160
59 140
12 187
50 133
24 188
13 117
13 119
58 117
58 119
48 106
68 117
59 189
49 189
60 99
105 190
48 120
7 116
7 110
48 129
7 119
33 104
33 101
33 100
33 103
33 102
5 44
3 38
3 39
3 34
3 32
14 187
73 189
121 190
15 117
172 190
14 79
14 75
14 74
82 97
14 70
63 94
63 96
66 94
66 95
66 99
63 98
12 25
12 22
12 23
2 115
12 28
42 164
23 64
23 66
38 141
23 61
38 144
38 145
65 140
21 151
31 157
31 152
31 153
72 115
72 112
20 45
42 99
9 152
20 152
20 49
9 156
9 155
30 107
30 105
154 190
16 164
16 166
20 168
16 168
20 164
26 58
26 52
26 51
26 56
34 55
78 189
8 44
34 50
34 53
8 47
35 54
35 52
0 89
0 84
0 87
0 82
70 107
71 189
44 164
55 128
16 33
61 189
46 72
46 73
46 70
46 71
46 76
46 77
46 74
46 75
15 30
15 31
60 104
60 101
23 154
23 156
78 106
23 150
4 168
53 120
10 113
4 167
10 111
4 50
23 159
10 115
4 161
34 188
19 152
46 180
7 44
35 117
39 48
43 117
7 48
58 94
93 140
18 117
18 119
32 57
32 50
179 190
63 119
64 94
77 116
63 117
62 189
32 109
1 153
1 155
25 104
1 158
25 107
25 101
64 95
12 172
12 170
122 190
50 100
1 18
15 187
50 106
1 16
1 11
1 13
41 93
41 96
41 99
13 104
13 101
78 94
64 97
21 92
5 186
68 104
68 101
68 100
68 103
68 102
76 189
87 105
9 14
12 167
9 10
74 108
9 13
74 102
74 103
7 163
48 118
7 166
7 169
48 111
48 113
34 145
75 98
75 96
5 73
75 94
5 71
27 160
27 161
34 143
3 28
3 27
3 23
3 20
89 105
27 188
77 99
26 110
26 111
53 139
26 115
22 85
15 103
15 102
64 140
14 69
8 186
8 180
5 109
12 52
12 54
50 134
19 27
19 23
19 22
22 106
9 167
38 150
28 93
9 163
28 96
28 98
31 142
31 141
31 146
9 168
119 190
6 165
20 57
20 50
30 116
30 110
21 187
80 103
50 138
26 67
26 63
24 49
16 175
20 117
28 68
5 107
29 144
38 164
8 51
8 57
29 141
29 142
46 139
28 156
28 154
8 58
28 152
34 48
56 98
0 98
0 96
56 97
54 189
55 116
80 100
55 110
16 22
16 24
44 151
16 26
86 105
45 106
45 107
11 92
45 108
45 109
23 161
13 99
13 96
4 150
13 92
4 156
4 155
69 189
19 140
19 142
19 146
2 82
2 87
2 85
35 102
7 33
7 35
7 38
37 47
43 164
62 102
144 190
112 190
32 46
32 49
70 96
63 128
19 105
77 105
63 121
77 107
53 97
53 94
53 95
85 102
85 103
1 77
1 167
25 112
1 165
25 110
25 115
1 160
17 80
41 188
51 189
83 99
40 117
50 118
50 115
83 96
50 111
50 110
67 98
13 171
67 94
13 174
5 48
25 59
74 114
74 113
48 108
5 61
7 177
7 175
48 102
48 100
5 68
101 190
48 97
48 123
64 120
1 181
25 51
1 183
48 125
3 11
3 16
3 15
110 190
56 121
166 190
53 129
53 128
26 106
26 104
26 100
32 105
64 128
82 117
14 52
14 51
32 108
14 56
39 46
40 49
171 190
40 47
40 46
12 47
12 45
12 49
19 33
11 69
27 155
46 130
46 131
46 132
46 133
46 134
9 175
46 136
46 137
9 178
9 179
27 156
28 61
129 190
47 137
20 22
20 25
20 26
79 189
38 188
35 147
39 117
20 105
149 190
16 105
73 141
35 142
29 153
29 152
35 141
8 68
28 145
47 130
47 132
28 141
28 143
29 155
63 189
8 85
8 80
8 81
55 105
44 149
44 148
66 140
44 141
44 147
160 190
4 144
4 145
45 116
45 111
45 110
45 113
45 112
4 149
173 190
19 175
4 83
4 84
4 88
4 89
2 96
83 94
2 90
2 99
36 146
36 141
36 143
54 122
36 148
37 151
7 21
7 27
7 24
57 125
3 185
55 106
21 54
3 181
3 180
60 127
60 124
60 122
102 190
0 135
0 137
56 105
0 130
0 132
56 108
56 109
1 178
13 140
85 117
1 170
1 172
1 176
17 92
187 190
17 97
17 95
1 39
10 39
40 105
1 30
10 31
10 30
1 34
10 32
13 169
18 80
13 164
13 166
21 79
21 78
21 75
21 77
21 76
58 140
74 94
74 97
71 97
71 94
71 95
52 94
68 126
68 125
68 124
68 123
74 98
5 145
9 33
9 36
9 37
5 143
45 114
5 10
5 12
5 14
7 146
7 143
33 158
33 159
33 150
33 151
52 96
51 120
2 62
24 141
15 121
15 120
15 126
15 125
53 118
12 140
14 45
14 47
87 97
87 95
87 94
24 144
24 147
39 50
39 57
24 149
41 57
41 51
40 57
12 149
18 33
90 141
12 77
12 75
12 72
6 80
12 70
11 78
21 55
11 73
11 71
11 76
46 129
46 128
46 127
46 126
46 125
9 186
46 123
46 122
46 121
46 120
20 33
80 141
72 141
169 190
31 188
103 190
16 119
76 141
39 105
16 117
47 107
47 101
47 103
47 109
34 69
82 102
8 70
8 74
8 95
8 91
27 46
8 99
12 95
12 97
55 133
6 60
12 92
55 139
6 68
54 128
176 190
42 57
4 131
84 189
27 49
45 188
4 137
4 136
46 83
46 82
46 81
23 109
4 97
46 86
19 165
19 164
23 103
19 169
23 101
23 107
16 45
79 98
54 139
91 117
36 151
47 135
42 51
54 130
37 147
37 146
37 141
37 142
21 150
94 145
29 97
29 95
7 15
29 93
7 10
46 118
24 60
52 98
46 119
71 141
94 143
59 117
180 190
61 140
0 126
62 125
0 124
56 116
94 181
0 121
72 110
97 190
82 141
37 69
137 190
11 140
94 182
88 99
88 96
88 94
43 144
43 145
43 141
42 152
17 45
17 47
13 151
10 28
10 29
80 94
17 49
10 20
2 4
2 6
2 9
21 69
142 190
63 140
24 97
5 156
27 50
5 154
5 152
27 54
6 153
6 152
9 25
9 26
9 21
116 190
7 152
107 190
7 154
7 157
3 70
33 148
37 93
3 74
3 75
33 141
3 79
33 147
1 25
1 23
1 28
53 106
53 105
53 108
20 167
14 32
65 189
26 162
39 69
64 118
31 46
64 117
41 46
40 69
35 188
41 48
18 27
11 45
18 22
6 91
67 189
6 95
6 97
11 48
83 189
28 48
88 117
28 46
20 121
20 120
16 121
30 143
30 141
30 146
3 127
81 103
26 99
26 95
26 93
47 112
28 163
47 114
47 119
98 190
132 190
66 122
6 72
55 129
6 70
66 128
55 122
47 96
47 94
16 98
4 120
4 121
4 126
40 164
4 125
16 92
16 96
7 130
34 148
23 112
46 90
23 114
46 92
34 141
22 81
54 105
22 83
22 82
17 187
22 84
22 87
22 86
22 89
22 88
79 141
91 104
91 101
91 100
91 103
91 102
90 98
90 97
90 94
70 98
3 169
36 164
3 165
70 94
3 162
150 190
78 99
60 140
32 98
32 93
32 97
56 120
0 112
0 114
56 128
0 119
47 124
43 152
0 143
4 41
4 42
80 111
15 172
42 146
42 141
4 49
42 142
13 143
17 57
10 19
10 18
13 146
13 148
10 17
10 16
21 56
2 119
29 60
21 53
21 52
2 110
29 68
2 112
115 190
68 140
5 163
6 144
6 142
5 166
9 50
58 189
5 168
9 57
59 118
5 37
24 63
5 35
24 65
5 33
79 94
3 63
3 62
62 126
3 67
62 120
1 52
1 54
45 159
1 58
86 117
26 157
26 151
31 47
26 153
1 36
183 190
26 158
14 22
14 23
14 27
14 28
46 78
46 79
64 105
74 141
11 50
11 53
11 55
28 57
28 50
28 59
90 189
46 140
7 180
7 186
30 152
30 154
30 157
81 117
80 189
6 186
39 164
28 116
138 190
73 110
73 111
73 115
29 188
91 94
19 69
70 189
10 112
66 118
6 47
6 44
6 49
4 160
29 116
10 114
16 80
4 114
4 113
163 190
92 106
10 40
87 117
19 187
34 150
92 108
92 109
22 90
22 91
54 116
62 103
54 119
17 175
2 24
2 27
2 20
2 29
131 190
72 189
3 176
3 174
3 170
61 122
61 123
61 127
67 128
89 95
89 94
89 99
45 161
0 109
56 139
0 107
0 101
56 131
0 103
41 146
41 143
41 141
10 184
10 185
22 181
22 180
10 181
10 182
10 183
84 141
4 55
4 54
11 119
11 117
62 94
42 188
17 69
21 45
29 57
2 107
2 104
29 58
2 101
77 141
9 49
38 49
6 176
6 175
5 175
6 178
9 44
33 162
33 161
33 160
5 21
59 100
49 101
5 24
49 104
23 188
153 190
3 58
62 117
3 56
3 52
3 51
1 41
94 169
1 47
127 190
1 49
26 142
26 141
31 51
26 147
26 146
31 58
30 59
30 51
95 190
30 57
8 139
94 166
8 133
41 69
94 165
141 190
46 174
46 175
46 176
46 177
46 170
46 171
46 172
46 173
46 178
46 179
27 97
27 93
27 98
14 127
14 122
14 123
16 143
39 152
22 161
53 116
22 163
10 161
28 105
28 107
28 109
73 100
73 104
73 106
19 70
89 141
19 74
125 190
36 99
36 96
36 93
6 58
67 140
37 164
6 57
66 105
78 105
30 163
104 190
4 108
4 109
60 96
66 117
4 102
4 103
45 155
45 154
45 157
45 156
92 115
92 114
92 116
92 111
92 110
92 113
92 112
34 164
37 117
17 165
17 164
17 167
36 188
69 139
22 44
2 35
22 41
22 40
22 43
22 42
69 131
69 130
69 133
69 132
69 135
69 134
69 137
2 38
77 110
3 142
3 147
3 146
32 116
21 22
44 188
71 111
71 113
0 179
38 50
38 55
38 54
0 171
0 173
0 177
60 189
41 152
42 93
42 95
22 178
22 179
22 176
22 177
189 190
4 60
4 61
4 66
94 155
4 65
11 101
22 159
11 103
45 141
17 70
17 72
21 31
21 30
21 32
108 190
185 190
27 114
54 94
2 138
78 95
29 49
92 107
2 133
29 46
29 47
2 135
26 188
24 47
24 46
63 105
27 60
27 61
6 167
5 105
27 65
27 66
6 163
49 119
49 110
49 112
49 115
3 43
25 188
37 46
3 47
10 75
10 77
10 76
10 79
10 78
1 75
1 72
24 113
1 70
24 111
31 68
31 62
6 83
1 95
30 48
1 97
88 189
39 98
39 96
6 81
30 46
39 93
8 128
8 129
147 190
8 122
9 72
9 73
59 123
18 71
18 74
49 127
46 167
46 166
46 165
50 104
46 169
46 168
74 189
59 125
75 116
178 190
39 143
23 98
39 141
39 145
94 164
23 93
23 96
167 190
55 99
55 94
55 95
59 94
59 95
59 97
19 47
19 45
37 51
146 190
46 124
69 129
6 21
6 23
6 25
47 98
21 126
21 127
21 124
21 125
21 123
18 45
86 189
79 116
37 100
37 104
17 152
4 184
3 157
3 151
3 153
3 158
22 58
22 59
0 17
0 14
0 12
10 138
18 187
0 19
71 108
70 141
61 104
71 102
71 100
61 100
71 106
36 69
45 160
22 112
45 162
45 163
10 67
0 168
38 46
0 161
0 166
94 168
84 99
94 162
94 163
94 160
94 161
41 164
94 167
84 94
84 95
6 11
42 69
42 117
1 65
10 162
22 160
10 160
22 162
43 188
69 106
69 107
4 78
4 77
69 108
69 109
4 73
4 72
44 46
2 124
2 127
2 122
21 28
21 29
25 48
74 109
18 166
18 164
18 169
49 124
6 118
24 52
5 119
24 54
49 122
24 58
5 116
6 116
37 56
33 188
37 52
77 189
145 190
164 190
89 189
10 63
85 189
10 66
24 108
10 64
10 65
1 60
1 63
24 106
12 102
24 100
12 100
24 102
3 90
68 127
3 95
3 99
1 86
1 83
1 81
67 105
1 88
8 118
57 189
8 110
8 116
9 61
9 60
9 68
82 100
18 69
56 132
75 109
75 107
48 189
155 190
14 100
14 104
51 125
79 97
123 190
81 141
0 3
0 1
31 95
0 6
0 8
31 99
19 51
19 57
22 183
22 182
81 98
81 94
81 96
22 186
22 185
61 95
61 94
6 33
61 99
22 184
6 36
6 34
30 188
34 103
34 101
87 141
17 144
17 142
79 105
17 140
79 109
79 108
59 120
91 141
22 63
22 62
22 61
3 122
22 67
22 66
22 65
22 64
2 15
2 17
22 68
2 12
0 26
0 24
57 111
0 29
36 53
36 51
61 118
36 56
61 117
43 49
93 132
16 57
16 50
40 188
94 179
3 9
84 117
94 171
94 170
94 173
94 172
3 4
3 5
94 177
94 176
22 158
13 22
11 124
13 27
11 121
13 24
68 94
10 174
13 29
22 153
22 154
22 155
22 156
22 157
69 113
69 112
69 111
69 110
69 116
69 115
69 114
44 52
44 53
44 56
44 54
44 55
52 121
2 151
45 58
2 154
2 157
2 159
68 189
76 105
76 106
18 175
0 156
0 154
0 150
75 105
0 159
49 133
6 108
49 130
49 135
49 138
6 106
6 105
4 132
51 113
38 97
38 93
25 162
38 98
13 187
50 189
12 118
10 56
10 55
10 54
10 53
10 52
158 190
30 62
3 85
3 86
3 81
8 105
8 106
3 100
157 190
67 97
35 164
46 80
9 98
5 121
46 91
46 87
9 97
9 91
5 128
46 85
43 98
43 97
46 84
43 93
46 185
46 184
46 187
46 186
46 181
46 89
46 183
46 182
14 117
58 96
4 98
14 118
5 98
120 190
27 108
27 109
5 91
27 102
27 103
5 96
77 94
77 96
148 190
51 131
111 190
45 115
18 57
11 96
18 51
11 98
113 190
19 80
99 190
5 179
118 190
65 96
88 105
9 105
21 100
21 101
21 102
21 103
21 104
9 108
5 177
34 117
139 190
92 141
54 133
31 93
51 94
51 97
51 98
65 99
3 133
3 134
3 138
2 64
2 67
136 190
0 35
0 37
0 31
59 102
36 48
85 94
85 97
85 98
36 46
8 62
49 107
40 141
16 48
5 26
15 69
54 110
94 144
38 69
94 146
94 147
94 142
41 105
7 12
94 148
94 149
84 100
84 104
10 148
10 149
11 150
42 47
42 46
13 32
10 147
4 19
4 18
4 13
159 190
4 14
10 151
44 69
10 150
170 190
7 96
2 143
2 146
7 91
2 148
45 46
7 99
76 116
18 140
18 143
0 145
18 146
0 148
19 117
114 190
51 103
51 102
1 108
51 109
51 108
1 106
1 100
1 102
17 25
17 23
17 22
12 120
10 41
10 42
12 123
12 125
186 190
26 62
30 99
65 128
83 141
30 96
65 122
30 93
182 190
32 188
8 176
31 57
46 88
5 130
5 132
6 131
5 139
9 84
9 83
6 139
9 80
143 190
38 149
14 164
14 165
14 169
83 104
54 99
83 101
5 82
5 80
54 96
27 113
5 84
15 150
27 150
34 46
35 69
32 163
18 48
86 94
86 96
35 93
35 97
35 95
15 98
6 10
6 13
33 115
55 189
19 99
19 95
15 92
19 92
15 97
21 117
47 121
47 126
33 111
43 69
9 116
16 187
20 187
31 110
38 102
38 103
31 116
184 190
5 57
156 190
5 50
69 94
17 120
17 128
168 190
56 94
2 79
3 106
2 71
3 104
2 76
2 74
0 48
0 40
0 42
33 113
15 77
65 94
15 72
15 73
16 73
181 190
16 71
15 78
94 153
94 152
94 151
94 150
94 157
94 156
41 117
94 154
94 159
94 158
100 190
22 132
22 133
22 130
22 131
22 136
22 137
22 134
22 135
22 138
22 139
10 159
10 158
4 26
13 48
11 143
4 25
11 145
89 117
11 148
13 45
54 107
19 118
78 141
25 62
25 67
25 64
57 138
56 189
7 80
7 82
7 85
2 177
2 174
2 171
62 121
33 63
33 65
33 64
33 67
33 66
57 136
57 137
57 134
57 135
18 152
